path,sha256,size
.gitignore,855dca737709c3a185f976a0e9047bb91834c800f4eb519995f38e3db3ef609b,1116
composer.json,aebcf1560bbcb62d4ac14a40c9b59c75dfb63c492effcc86062394435f168a55,1988
update/.gitignore,0de2bd8530f8275f94289657f2d7c9aefd3df189c58fe2b76d5a7e9d722b7e1d,116
update/.htaccess,71a290d37a71f5cb794700825b70c8135047f149a638ed21c852be87423237f8,78
update/README.md,e3b0c44298fc1c149afbf4c8996fb92427ae41e4649b934ca495991b7852b855,0
update/app/.htaccess,18196c27bf35820cfca1df85ab4533c5a00839e90c82fa43fb69e1841e86e8a1,32
update/app/bootstrap.php,b6101155506d78938179a9a1e1c7869917b99ff6e46a045d40f289e2dbc85586,337
update/app/code/Magento/Update/Backup.php,a4b87e12a45484910adbe5d1fcc1868e929455dc33a9a9b12c17caf763b2653d,2458
update/app/code/Magento/Update/Backup/BackupInfo.php,cb256ca88fc4eb7712f4da537beb333465b6eb5ed895757e222d76f3ff21b1a1,4144
update/app/code/Magento/Update/CronReadinessCheck.php,13c5684c166a81d453e9f1f15d22a9a02dfb52d0959b32ebcf3bd305d36d573a,5922
update/app/code/Magento/Update/ExcludeFilter.php,26a49b0cb96366a0c7dc6fdf0aff879c5e8e513538c84b20d6d219263a0ed64f,1280
update/app/code/Magento/Update/MaintenanceMode.php,dd0049b795c1b30dd34a4bc03e97d5a70a0c84980a8cb8ce4c96b320388caa29,2393
update/app/code/Magento/Update/PermissionInfo.php,43906bde35c237fd9786d4f87fcb26ca1b055c0f0c7ba5e49861424f29bf1826,1403
update/app/code/Magento/Update/Queue.php,422bea480c3e1bdeef12be67952d50081d3a1b8db9cf50c07fc98a8f079a97b5,4088
update/app/code/Magento/Update/Queue/AbstractJob.php,c62a657bb3412dc88123819c5e1fa59e960123016330eefa220654b04771f1dd,1576
update/app/code/Magento/Update/Queue/JobBackup.php,db5bacf2db8d84cc53e6c5f50df708dfd7278f027dc1de948e9d63edabe8b09c,1171
update/app/code/Magento/Update/Queue/JobComponentUninstall.php,88315ffc3238463972214cc557af124515cbffe8df5a0971c5b03e2fc5489946,2898
update/app/code/Magento/Update/Queue/JobFactory.php,7fbf13f2a62c6374c2f34a04a8b203581b8f5e29554be427133b25be4999bc99,1616
update/app/code/Magento/Update/Queue/JobMaintenanceMode.php,d08cd86d2425b428394425c83aab49f5f65dae2d58a4b523f9fcd9813ee42dbe,878
update/app/code/Magento/Update/Queue/JobRemoveBackups.php,887966e9326d7e1c167993f60f012f3ccd3ad679e7141a09dc2e1b9a309f2ab2,1138
update/app/code/Magento/Update/Queue/JobRollback.php,7a25694152ae41ae68cfc29bafb4143ca271a3243da03ba404aa966e290f03c3,618
update/app/code/Magento/Update/Queue/JobUpdate.php,d776f3aabd4585d31b81ea3d2df7a95ed50713338a4c2306bd38b2b77c330092,4072
update/app/code/Magento/Update/Queue/Reader.php,e250216b728abfd8ba337cb443675f1e330359e81dd71772165f6d04e1906739,1263
update/app/code/Magento/Update/Queue/Writer.php,5ef89bc9fa85f3851087d2138d222f1d16a2b2c2447fbe846afbd68da001864e,826
update/app/code/Magento/Update/Rollback.php,f2c0be9777b12647fe51062e6e6fc368b492965b71437fd31b30138adc0a6598,5501
update/app/code/Magento/Update/Status.php,21ddd9177aae200c1f40ae8e14272aa07f9508d2fb0e1b846a335c2496d9c1b3,6673
update/app/code/Magento/Update/Test/Unit/Queue/AbstractJobTest.php,46b333da2d61761685de8aec92c91a41a31d5e431fcdba837f8f53061f260084,698
update/app/code/Magento/Update/Test/Unit/Queue/JobFactoryTest.php,59fcf11e4f1566d0f7ba02e59d3c1496c2eb5dff4fecd7cb904380318d0d8b3c,1465
update/app/code/Magento/Update/Test/Unit/QueueTest.php,e105619afe5aa85c6bb4587d5495a44bb941e9e54d29ee51c11463e4bf47218d,5565
update/app/code/Magento/Update/Test/Unit/_files/update_queue_valid.json,9a58eb2d7e12d8f1251ff2b42c47dd886be4d245b725f16bb14b3e8fd936ab38,973
update/app/code/Magento/Update/UpdateLoggerFactory.php,b119b528b6e2cbced994d2ddbb7836e2c43dd6da46a012ab679c7a2f7d87f121,963
update/app/code/Magento/Update/etc/backup_blacklist.txt,e81712e6aa16207595651bc606e74fcb05e39a87ce341384bd7eaf037f0fa065,141
update/app/code/Magento/Update/view/templates/status.phtml,a5948097ae8418bde239b6492bdc2a544a3cc646dcdd80eea518409f16f9543d,5481
update/composer.json,ef57fc148f0d3171a98c77fd5dd7531f1ee6cd97d813d3ad6fd5876bfcbb04d4,656
update/composer.lock,169c1cdfbe90fdfb4c41a02a45338d9f58c174e4e4f57bca345fbb139f9b2f67,27507
update/cron.php,4c284fee5a8a3d98d2cec72779f7e91d802f3191072c1ddbdecdf80469d2a37e,2718
update/dev/.htaccess,18196c27bf35820cfca1df85ab4533c5a00839e90c82fa43fb69e1841e86e8a1,32
update/dev/shell/cron.sh,dc4772250fd5cd0dd5e10c16571e77b3a1e70a8ace4dbed813d07faa5cbb05e9,341
update/dev/tests/integration/testsuite/Magento/Update/CronReadinessCheckTest.php,4f5f61a872a22bc0dbb816430ececbb7ca10637192ff2df9b7da4d08f4c5f86d,2767
update/dev/tests/integration/testsuite/Magento/Update/CronTest.php,2466f6dd44732a178c944a7625f9f0f01adc847d455851ece6eb2d014eed0336,4449
update/dev/tests/integration/testsuite/Magento/Update/MaintenanceModeTest.php,399c155117ef57842149cb6d4d7e8f12b38a31d69b546d02a1349a199302664f,1910
update/dev/tests/integration/testsuite/Magento/Update/Queue/JobBackupTest.php,bcc24a09f4ee0f7bd74772a8f69bc72e824ae1457720d5daa46010709e745bd1,3130
update/dev/tests/integration/testsuite/Magento/Update/Queue/JobComponentUninstallTest.php,c45f35a0e03735e1f28c8319af159bf2d62d24ec7fb01f2fc2a10c88a910401c,3649
update/dev/tests/integration/testsuite/Magento/Update/Queue/JobRemoveBackupsTest.php,c6c6217feeccd933bce743c5cee0692a7c791bb915fa9374ad0baecec1b9ae5e,6529
update/dev/tests/integration/testsuite/Magento/Update/Queue/JobRollbackTest.php,54aee8af12dc0f901342ff26aa2bc2e96c3b34da7b9ce372407e6f34d4654792,1602
update/dev/tests/integration/testsuite/Magento/Update/Queue/JobUpdateTest.php,3edad4058b4501e0daef761b61fe95324ac2d4644a1f8255b8898887796fd2a6,4059
update/dev/tests/integration/testsuite/Magento/Update/Queue/ReaderTest.php,701b25a1757b386a2ed3af80252415cc0f6c10a8a4835ca18c2645d021e7c5ef,2373
update/dev/tests/integration/testsuite/Magento/Update/Queue/WriterTest.php,a4935bbb6285aa2b777d439c2709b9ea95dae6c178378e00df84b9a40d996b8d,1041
update/dev/tests/integration/testsuite/Magento/Update/RollbackTest.php,bd37d9766d07f9e8c32de0ae4f93e6f8d608c90295c7eb3b273c4a98b87a92ca,4675
update/dev/tests/integration/testsuite/Magento/Update/StatusCheckTest.php,e207d0f6c6045933b9d5055679ead0673148b23cd1d4fcb411df8c33f1be30d9,3023
update/dev/tests/integration/testsuite/Magento/Update/StatusTest.php,df7182b1575b0dc5066e84dcaa9b384a1252e4cf98baf9797f3a81310924fa15,7904
update/dev/tests/integration/testsuite/Magento/Update/_files/composer.json,12a3f219f64be1e34855d8b4223fe3ab6b8f3213d134205b271b4c68e45a46e8,558
update/dev/tests/integration/testsuite/Magento/Update/_files/update_queue_invalid.json,d64565274ba516790bd3ce34d989f4e2a993830fd1bbbca9e652327f964de906,907
update/dev/tests/integration/testsuite/Magento/Update/_files/update_queue_valid.json,6e5babfd0e8de8ea310ab768f2626cc22e0e27ad45b096e0a6964c1d7cf453c9,1355
update/dev/tests/integration/testsuite/Magento/Update/_files/update_status.txt,8722726c09c0e7eb816b396a6a1ebbf3a6f09bc9606ec715ae687a99956fcb3a,1371
update/index.php,85f9ccae58fb9666260dc04312d37dce346dc55aab017ca54efccbf0d0b61547,3428
update/pub/.htaccess,7bb519b5824c062dca397581aae5fc88742ff73e2f0a0e223fe867eb9ce94c40,172
update/pub/css/setup.css,20581eca9d6d9ad5e52eaea0a9912a97db8e04c6c2f2952bbc80628e468acf93,144775
update/pub/favicon.ico,ce2de4b3be943fd5414dc6f3190d332fc9f6369f5dfbf6366b00b261ed02a4cf,1150
update/pub/fonts/icons/icons.eot,a180732c4ce635c872a71628c9a111c86a3072778fd99e6559de9b47d8d5c3b4,9184
update/pub/fonts/icons/icons.svg,939f4d26f759c1e88f93308e76b424dbed6b2242c9b8e7920f4d0f4018dafe8f,30514
update/pub/fonts/icons/icons.ttf,9368575034a6c670f3d95b6209a249c7b1885f245c9f21ba2bd303389c3293e3,9020
update/pub/fonts/icons/icons.woff,84cbd85edd6eabf1c602567284a2fe933b0d8916cc5502a45cf279208e96cb14,9096
update/pub/fonts/icons/icons.woff2,7262852cb3c57efdd1061f56135a2b3af573a328401327467c0f920c1c1dfac5,4832
update/pub/fonts/icons/selection.json,90090afc47a98343c761894f776289681f4b4a2b41380ac94a67e136ea0036d5,51520
update/pub/fonts/opensans/bold/opensans-700.eot,5753780fe4ed044cfb98144f0bd6f8da560e00e485573ee038acf26b26a849b2,19544
update/pub/fonts/opensans/bold/opensans-700.svg,0519c58be0e85ad19925857e455b82eeacd4dd010127f8ad60dcb1ab559188da,100048
update/pub/fonts/opensans/bold/opensans-700.ttf,eeee8057e8b35113884c14c993ea88418d18626bfbcd8842580f721dc0690a8b,38452
update/pub/fonts/opensans/bold/opensans-700.woff,a0357cb694b5284870c77c0dbcaf33f238004800419288afde313317b0dbd0b7,22432
update/pub/fonts/opensans/bold/opensans-700.woff2,796de1bd57056646e70e7749841a0f1f15043f263e63cd41f252e238e3a40b1c,17668
update/pub/fonts/opensans/light/opensans-300.eot,83a5c3512b7e56bef9b0d5451adf664b070eb3cf6278e69e2cf4fa0b2d2ef379,19514
update/pub/fonts/opensans/light/opensans-300.svg,3b2b59e26fa76a0dcbe5edd696656035ebf2fe2b7d8cd8405d300747e5be3c1a,99171
update/pub/fonts/opensans/light/opensans-300.ttf,3fc333eb3107febd406586ee8206bc0ee2aeb7f6c7a77f3923a353b72b0ca080,37336
update/pub/fonts/opensans/light/opensans-300.woff,a1cb81c9f07f1f399db66ec188c02a1c74bc382df9a8550ab8091aac93dff8a2,22248
update/pub/fonts/opensans/light/opensans-300.woff2,69fd4fd58ab3812b5b43a91478b13191fee58a0a438a5901345c89ea4991e9ca,17436
update/pub/fonts/opensans/regular/opensans-400.eot,25f7c6430e4b537dfa6bbe5554d4641c0fbdbf3f9351aab6cd91d43d11738528,19836
update/pub/fonts/opensans/regular/opensans-400.svg,dbcac54a436cf43adaa410b990833d4a889bfd7c7aaffc6e773536a2e57cdf7c,100945
update/pub/fonts/opensans/regular/opensans-400.ttf,dee2d2b7658161d7efa0dede8298b64bf88c8bc1fea782fc10468c9269e78d4a,38232
update/pub/fonts/opensans/regular/opensans-400.woff,22e7a1b10c110072f5a0bfd16e2197a76b279ec879bcce8978fada1dc9ee5d40,22660
update/pub/fonts/opensans/regular/opensans-400.woff2,b367d278abdbff97dcca334e31b1714fae2f7922f2347c5e76a6fd2c67f15079,17848
update/pub/fonts/opensans/semibold/opensans-600.eot,efe97650f3270aca9ba594789ca75ba7b1fc1a22d8189b3439e6dfb57a16e853,20028
update/pub/fonts/opensans/semibold/opensans-600.svg,7d252e607704f654b072dd476c4e73861fae1f922e559895a15d08e340cd9079,100273
update/pub/fonts/opensans/semibold/opensans-600.ttf,9f8567ea7c2d954377d5a3c26bdaf666ff993dd6a2d4e7e6931917a0286514a2,39476
update/pub/fonts/opensans/semibold/opensans-600.woff,26b216fadb2ffcd542ca56c2d84f9918f62e40de89bf88b4211fffacd2a4ad83,22908
update/pub/fonts/opensans/semibold/opensans-600.woff2,e970869c33bf34e4efdffeed811711d5e1d3956d08ed64a85865d544099b3395,17980
update/pub/images/ajax-loader.gif,ef97c4bed490a701bac7b7d8872d50955ffb7205ce09f37f8fba9eb29e30dbb3,3197
update/pub/images/arrows-bg.svg,29ab63089a14938672bfcc61241310bfbe7afb5d985061d2a6fb56eeee6860f4,393
update/pub/images/favicon/favicon-16x16.png,bcea6e651331523f237a22b453dcf345d584a6a3ee5ed3b8571ac0236b4271d7,334
update/pub/images/favicon/favicon-32x32.png,597b94285d5bef44a73fd9b6fada564d29e4c14a2df9c59e478076fcbcdb8579,399
update/pub/images/favicon/favicon-96x96.png,f6958851427875b760e3eec7d8f25acd23a05f240b9aeb85cea4dd51d0f4bac6,780
update/pub/images/favicon/favicon.ico,c9b872d0f3111af3a32d52f8315053c4285d9c0c5e5ac7fe0d197d1f80d22ccd,15086
update/pub/images/loader-2.gif,32a3a3b89f685bbb8d1a9ebdef6e5bf38b214ad2846dd4730a9ba527430a3ef5,2035
update/pub/images/logo.svg,0e2bc36e1a03cbf59a03ea1a49623ddddfe00423d097fc630940c5ea9b385df8,347
update/pub/images/magento-icon.svg,0e2bc36e1a03cbf59a03ea1a49623ddddfe00423d097fc630940c5ea9b385df8,347
update/pub/images/magento-logo.svg,70f0391759fd7263b662cc64a005c98ba7566c46b2efa8ab6394afd95bb32dcf,3096
update/pub/js/lib/angular-ng-storage/angular-ng-storage.min.js,b680e461353bdee12f25e048bce8770119ac8fe34e4491e49493de501c104546,1179
update/pub/js/lib/angular/angular.js,c2ad0dba961154b85b31a09984678e148c256aee5395a77edf40d08d7559046b,901324
update/pub/js/lib/angular/angular.min.js,a8fbbdf8a81c088895049b9098a2004b4188991ef29cedfb8eec8ed59b1f6d03,105583
update/pub/js/lib/angular/angular.min.js.map,45800f8db7676d7b1479231e0c8993028d91f58cd1a785932db7357807c07e71,263506
update/pub/js/lib/jquery.js,ce0343e1d6f489768eeefe022c12181c6a0822e756239851310acf076d23d10c,282944
update/pub/js/status.js,b528445155c9b2ad26cd12e503a15f65b9eaf1ec85cfffb9e781f54f5d73b98d,2817
update/var/.htaccess,18196c27bf35820cfca1df85ab4533c5a00839e90c82fa43fb69e1841e86e8a1,32
update/vendor/autoload.php,6e4454d5a01269997dd274c4f1f2d4dfc5b5799b0ab8d8dcbbd76de21b57e195,183
update/vendor/composer/ClassLoader.php,ba40c4e0b003d8175ec8cc1a3aa6728ad24c1fc75a8a12634115262e7f2db271,12466
update/vendor/composer/LICENSE,e0e2f7ecdcd7288dd395f88a874217ebc51a671a626edf192ecbfda1de5f9269,1075
update/vendor/composer/autoload_classmap.php,894fbd23013969829316a4c244401c65355ee4d48440f2d533fb517c693b717d,147
update/vendor/composer/autoload_namespaces.php,e4dd6fff79bcc41db9804396f43d4c902f004f4c15e5c9a121868473c18815ce,280
update/vendor/composer/autoload_psr4.php,832c3043da1df5ce215497b920de9c5c57ca7e6513f9c2a6df0efc86a0ec65af,1122
update/vendor/composer/autoload_real.php,1b6fef2cc7e8fb27b0387f17ca5706c1d0e73f320f933c1477c4235b6dd3ccda,1681
update/vendor/composer/autoload_static.php,343f7993873507b13bcc44be235fe939f9390a155760da7f9637f387e2ff0486,3422
update/vendor/composer/composer/.gitattributes,ae11f11afb0adcb7e185b585a2bbc0ff82437ef8b59971794aea6f74d4132d36,519
update/vendor/composer/composer/.gitignore,9c72ced9dcf87ad5cd9d4ad59573e1c294904e02cc1a839bce3fc5d39c89f6f0,119
update/vendor/composer/composer/.php_cs,59d497950f825b9cb295b564ba788da0e85d69ba4fca22c743559bf4b747db88,1898
update/vendor/composer/composer/.travis.yml,a3d7248f79830a79e848d6affd0c8c6eade28f3ef13b66a7bdab132ee38bb309,768
update/vendor/composer/composer/CHANGELOG.md,0f848a44b82cc3174e0e28b93694ed22165165b70da49f6971521e25db35e7c3,24043
update/vendor/composer/composer/CONTRIBUTING.md,10b9c5005e815c568fab588e48b9a3089c7dc692f14563d0e34f50c363c6073b,2141
update/vendor/composer/composer/LICENSE,a00bb8104b056e55056223a5dae8c2bee4023df54c5e847674f3b1bd22d8d751,1073
update/vendor/composer/composer/PORTING_INFO,d5bfb0cf8fcc466efbefed42493dd41bc56a5af48f3537635ee0fc3968819c48,1600
update/vendor/composer/composer/README.md,dd66bdca70b62609f49b28e55b708e2aa475169c84acd43f4bca9fe406988f4f,3160
update/vendor/composer/composer/appveyor.yml,a3fd2c56e31e02e9a74b7cbcdecaece409cb04365deea8eff48a1c8b8082cc24,1076
update/vendor/composer/composer/bin/compile,8e7a84006713c00bb92a53c996dae35fd9332100626908ec30296177c41c8a02,966
update/vendor/composer/composer/bin/composer,db1e03cc6bc7b57e4d8ad2c7fa1ce3867300265fb8030bda5992969c3a714927,1151
update/vendor/composer/composer/composer.json,6b8acada766f5b700eb0878499be38f74df9991e1cdaf9a6f27e2e9e805dca5b,2233
update/vendor/composer/composer/composer.lock,a3f1ab2dc04e1c1682fc2ac6d2f3cd6dfee02f9bf23954e44e63de0d1c044c3f,54009
update/vendor/composer/composer/doc/00-intro.md,81343f32613bab0aa21f5d279412c0fdc0036f7552701b950c2efe6cf2a7573d,5596
update/vendor/composer/composer/doc/01-basic-usage.md,eb4ad6f1cfc8fe802275c504ddb29fb11c2a7e0edc18536079a42bc762a334c1,7962
update/vendor/composer/composer/doc/02-libraries.md,acc1f5aa1afe5dc3dc2f6a580f7634d75cc0f0eb76bd219745d01745d2cc8783,7643
update/vendor/composer/composer/doc/03-cli.md,c3ca66ec8b830654a45de2ed11f52c819196b03d431441bf684020b4826a6b7f,29211
update/vendor/composer/composer/doc/04-schema.md,517ba918a0521df24191730208e97cdc82b2061656f759e914aaefe495f318a1,25549
update/vendor/composer/composer/doc/05-repositories.md,183ce7777910fb597eed600835ab050ef1327d79ec7cbf26a0a646515aa5ecd1,22300
update/vendor/composer/composer/doc/06-config.md,bdc29aecf5f5edcd4f9c8271ac275b7e502787d03b419899864f9011acd429d0,8905
update/vendor/composer/composer/doc/07-community.md,b7b8c419b42af1b39bd78800cf07a7e817b11fab7ce9bf5ce122a8c8fac0ce3c,1315
update/vendor/composer/composer/doc/articles/aliases.md,25445f333dea82b83146d0c912ea961b714fa6794b7af51c825baa99a47f017d,3839
update/vendor/composer/composer/doc/articles/custom-installers.md,4662989b0a63c5674db80ce3e32b658be7d7149800c93c5bd4e52da26d8946d3,6567
update/vendor/composer/composer/doc/articles/handling-private-packages-with-satis.md,0a2525ca5ff64cb17d63aa6046f9c65baff4d3e304b01add5bf0c8313e854491,12273
update/vendor/composer/composer/doc/articles/http-basic-authentication.md,b031d128ba19ff0f1fc92653fed17d4888aa1d79776bc46985f9a4313d8fd9eb,1875
update/vendor/composer/composer/doc/articles/plugins.md,09d6daa9b1bf6c8246e3390abb3205a86d9d71ce189c0f84d5f0515514cb52a9,6382
update/vendor/composer/composer/doc/articles/scripts.md,3bc14e2b0046be3718fe035a0f2089ddef5eac43c6ae200c9ce842034752e760,8024
update/vendor/composer/composer/doc/articles/troubleshooting.md,831da8c3a780887cee5242db39d3b06914687cbeb3390b1dd2b4a99c420a6767,14178
update/vendor/composer/composer/doc/articles/vendor-binaries.md,f038540f98d7e33c25495b69a8bbb54508603ab7cf164e6ea40b98fd79e829b5,3410
update/vendor/composer/composer/doc/articles/versions.md,35190be504a83fe4d8927e18523d24d90e93f00cd04c5ba65cc896a9b42ec514,4113
update/vendor/composer/composer/doc/dev/DefaultPolicy.md,a439d62f3b8980e819c236d7f4571b18c2ed22519549bd1c81126a88b9b17765,1280
update/vendor/composer/composer/doc/faqs/how-do-i-install-a-package-to-a-custom-path-for-my-framework.md,b98e6f471e1c9a17063d9ed288ce3c827ef13ee07294e69245f04554691d253b,1828
update/vendor/composer/composer/doc/faqs/should-i-commit-the-dependencies-in-my-vendor-directory.md,e3fdafdecda886e54e6d06b01e25fac3804fd4fc7870d0ec8c86a01fdb38ce22,1704
update/vendor/composer/composer/doc/faqs/why-are-unbound-version-constraints-a-bad-idea.md,0e41ba91491647f8d3d0fba6fb052a24be0ea55a390f3b96c95dd0e902dd9963,1086
update/vendor/composer/composer/doc/faqs/why-are-version-constraints-combining-comparisons-and-wildcards-a-bad-idea.md,b72057a1f5865d98e82a3d5e1934809f9c3d8ffb3ed4badd4a29d3d7686a6c01,998
update/vendor/composer/composer/doc/faqs/why-can't-composer-load-repositories-recursively.md,fec58ef66d2e6c066d4e5cfe83f9025fa6d831f783c6f3198ced2e27620d165c,2075
update/vendor/composer/composer/doc/fixtures/fixtures.md,7df1371962e531e57c41e3f237b2b18bb4b40ea3802f51107b79264bbb2477d7,1001
update/vendor/composer/composer/doc/fixtures/repo-composer-plain/packages.json,f98ee8f59286071274ddbcf1e1e06daa91811a7411c1ebb16d4a8ab29e878a22,5455
update/vendor/composer/composer/doc/fixtures/repo-composer-with-includes/include/all$5fa86b937f0502d92f776072cd49c002dca742b9.json,f98ee8f59286071274ddbcf1e1e06daa91811a7411c1ebb16d4a8ab29e878a22,5455
update/vendor/composer/composer/doc/fixtures/repo-composer-with-includes/packages.json,656597552ddef6243a3fc2a89a91b0d1adbfc92475a199077494e12708b1fedf,198
update/vendor/composer/composer/doc/fixtures/repo-composer-with-providers/p/bar/baz$923363b3c22e73abb2e3fd891c8156dd4d0821a97fd3e428bc910833e3e46dbe.json,923363b3c22e73abb2e3fd891c8156dd4d0821a97fd3e428bc910833e3e46dbe,1656
update/vendor/composer/composer/doc/fixtures/repo-composer-with-providers/p/foo/bar$4baabb3303afa3e34a4d3af18fb138e5f3b79029c1f8d9ab5b477ea15776ba0a.json,4baabb3303afa3e34a4d3af18fb138e5f3b79029c1f8d9ab5b477ea15776ba0a,2607
update/vendor/composer/composer/doc/fixtures/repo-composer-with-providers/p/gar/nix$5d210670cb46c8364c8e3fb449967b9bea558b971e5b082f330ae4f1d484c321.json,5d210670cb46c8364c8e3fb449967b9bea558b971e5b082f330ae4f1d484c321,1614
update/vendor/composer/composer/doc/fixtures/repo-composer-with-providers/p/provider-active$1893a061e579543822389ecd12d791c612db0c05e22d90e9286e233cacd86ed8.json,1893a061e579543822389ecd12d791c612db0c05e22d90e9286e233cacd86ed8,516
update/vendor/composer/composer/doc/fixtures/repo-composer-with-providers/p/qux/quux$c142d1a07ca354be46b613f59f1d601923a5a00ccc5fcce50a77ecdd461eb72d.json,c142d1a07ca354be46b613f59f1d601923a5a00ccc5fcce50a77ecdd461eb72d,632
update/vendor/composer/composer/doc/fixtures/repo-composer-with-providers/packages.json,a58ef240fcfe251742273fbe210a3d5d3a4ecfef43abaefbde9391845f8f915c,308
update/vendor/composer/composer/phpunit.xml.dist,60ed8db12119471d0ff76b8cb51f9d59546c847d254f12e09fdd5f3c71e13885,932
update/vendor/composer/composer/res/cacert.pem,39eaf16e26c08cc90d728865f1c60406ee5d864d5963f72ede2a1cbb127f95ca,256277
update/vendor/composer/composer/res/composer-schema.json,8dd4887b2cc1ca115f0a2eafae9bc6b1da0598f5aba2dea652c47046a3ae4163,24556
update/vendor/composer/composer/src/Composer/Autoload/AutoloadGenerator.php,fdda01fe11963abf7996f2e45be1ae369b4f1d8b49e39e9dbf1fec18f6b7556f,29369
update/vendor/composer/composer/src/Composer/Autoload/ClassLoader.php,ba40c4e0b003d8175ec8cc1a3aa6728ad24c1fc75a8a12634115262e7f2db271,12466
update/vendor/composer/composer/src/Composer/Autoload/ClassMapGenerator.php,75e3f29793a8dcc987472753151d6704532a96a7ce1a066cbb9ab5e5851ac43e,7658
update/vendor/composer/composer/src/Composer/Cache.php,e3983d2247578592c05345554103bce74324efd7a8cb8c12e5249040779d9090,7087
update/vendor/composer/composer/src/Composer/Command/AboutCommand.php,962368f7b92fd3403a2736c9ae6cde1c0d9a5bc2da53a74a0e870d0714448655,1112
update/vendor/composer/composer/src/Composer/Command/ArchiveCommand.php,83ad3ed79b9c7b444b371ff236859933d8817600693bd614eeb7edd5571e02a9,6132
update/vendor/composer/composer/src/Composer/Command/BaseCommand.php,83880ed8e3ef922f6baa1ca56bf1b214ec65c7451a759ac7e7cea316cc1c5ef1,3017
update/vendor/composer/composer/src/Composer/Command/BaseDependencyCommand.php,48a75ee6375db5e324f493a639965b2d9c45a59599c7dfa4564f734ab46b8978,9086
update/vendor/composer/composer/src/Composer/Command/ClearCacheCommand.php,cbcf30722bc30aba0960f885141e6d8271e9779c0dec0b432e653bc6806bb3e0,2040
update/vendor/composer/composer/src/Composer/Command/ConfigCommand.php,03d9d911c8605501ea9287c4b3aeecbfefc7d813724c22c8d16b7300452eb6a1,21404
update/vendor/composer/composer/src/Composer/Command/CreateProjectCommand.php,27f15855ba7c2434c2e6a401d60de4f34b7e53af362c7c54bbe5d385c7e45d74,16761
update/vendor/composer/composer/src/Composer/Command/DependsCommand.php,23f8c1a275bd40d15ab51c727de5f7378b3f0be85bea2269e2139b445da40325,1319
update/vendor/composer/composer/src/Composer/Command/DiagnoseCommand.php,c3f124491e57fc70198ed828f579187a09cbeb110bd69bc14e7700901ff7be48,24910
update/vendor/composer/composer/src/Composer/Command/DumpAutoloadCommand.php,e8deb4921cecf14c8faccee7f6781f677520a9be03b4b346d6303fe0631d429d,2923
update/vendor/composer/composer/src/Composer/Command/ExecCommand.php,05c2c17dd8bfd60cb1e4f5d093596746c8135d65c229d12d1ebec326d11a7ab9,2622
update/vendor/composer/composer/src/Composer/Command/GlobalCommand.php,ac9978d161a3984428f3faa7ace4f528c43dd0badf5b2df3170752f00250de62,2638
update/vendor/composer/composer/src/Composer/Command/HomeCommand.php,686316021620e68358b80e27b3f1e2900c1d449046af4255f0b8cec29a1fe7e2,5004
update/vendor/composer/composer/src/Composer/Command/InitCommand.php,9f337835eb68a8dd026513ce5edd46f8249525a9c8d24395f7dd398de1b38403,22888
update/vendor/composer/composer/src/Composer/Command/InstallCommand.php,107940b1eed1d30d3ca1264ec7206957dbb1d33424d673a977e9276c4dea4a66,6507
update/vendor/composer/composer/src/Composer/Command/LicensesCommand.php,a35b41e16509a21f55865f4c413346a0d74443d2fa06dd402cff997fedaff314,5393
update/vendor/composer/composer/src/Composer/Command/ProhibitsCommand.php,ea35454533b01bc5b12e987cf227da9930bf7f36ba25eb36854aa48d18857e46,1339
update/vendor/composer/composer/src/Composer/Command/RemoveCommand.php,7c27da4c1b91cd0cf5190739210191c7696b0be7a11b844525746e486a345d84,5710
update/vendor/composer/composer/src/Composer/Command/RequireCommand.php,e38aec80d5302deba4fed4a724779a1a1a4c8140cdfe9149fd6d1170f73630ec,9263
update/vendor/composer/composer/src/Composer/Command/RunScriptCommand.php,a223d6b866179e9572c68294554dbafbbde699710b4d5b26007dab5a410a6cbe,4284
update/vendor/composer/composer/src/Composer/Command/ScriptAliasCommand.php,ccdec691e76dcc8722d85ff6f076dcd5a470a944a1bdf45de6a17a384c2bc944,1802
update/vendor/composer/composer/src/Composer/Command/SearchCommand.php,3a20b55ad21d3284be78beef20f802b6704c755cc404440823253fed3d6b5836,3135
update/vendor/composer/composer/src/Composer/Command/SelfUpdateCommand.php,1a4fbbfceef7df8123f4f7166ab3902daf49ceefb12b860ccea8c1f9dd4d8911,14501
update/vendor/composer/composer/src/Composer/Command/ShowCommand.php,51aac1dd9065f5da195ba8879966a9ebeb96cfffa81b5e305be22a4fdef37da9,24565
update/vendor/composer/composer/src/Composer/Command/StatusCommand.php,3373b59c7163f1663a19077ae37a28a38daac41920de1bd7a387a4cc042ff05e,4716
update/vendor/composer/composer/src/Composer/Command/SuggestsCommand.php,d3c0e47b5b24a18ff16ede85de6c2197520962bdaed01c907d07435ed3c9be8c,5224
update/vendor/composer/composer/src/Composer/Command/UpdateCommand.php,ac425da39ca9afdd7ec0c3fed5abb80b46a9a67257b0f650996abcacf2358cfb,10871
update/vendor/composer/composer/src/Composer/Command/ValidateCommand.php,6e265d8511dff17f2014e7cfa9dd6e0175e38ae661806c50b8e8612ed974b465,6879
update/vendor/composer/composer/src/Composer/Compiler.php,28987fdce412bfa5ff5aadc94fcb16ed6da6b4781fa18859203025b1ed95115f,9517
update/vendor/composer/composer/src/Composer/Composer.php,c949b145a4c90e5220900f2d9fbfcc6686cb81bf95a5eaf5e340d9d06cea457d,4583
update/vendor/composer/composer/src/Composer/Config.php,3e450a3d2c3ee1983d806908e2c81f028c138647f3df88fbb159ef07bd5718bd,13197
update/vendor/composer/composer/src/Composer/Config/ConfigSourceInterface.php,0fb448634c4bf6607dbbc4d78dc084e02922d6b5ad86d1c1b4615be24de29fde,1697
update/vendor/composer/composer/src/Composer/Config/JsonConfigSource.php,25edbf4e8611abefaf18bbe24cc2e024ff1c8214f9b4a1930bede0e9d3448163,5859
update/vendor/composer/composer/src/Composer/Console/Application.php,741429ffdc9bbc8e54f3a9b66817495a413996b388fd4737a4729729c7804359,12845
update/vendor/composer/composer/src/Composer/Console/HtmlOutputFormatter.php,cca67f2f4405a41b108f6ebfc01f877bedcf30b00ae3a18c6e2ba6c609b22b21,2561
update/vendor/composer/composer/src/Composer/DependencyResolver/Decisions.php,231971283931e2b84e29909a7a2a74d83901fbf57d379e9855e8b5070958db5a,5223
update/vendor/composer/composer/src/Composer/DependencyResolver/DefaultPolicy.php,900b231ef214e0aff2fb1403a61042de62ffc25950d9f19ed2a7de2e5e1d37e4,9337
update/vendor/composer/composer/src/Composer/DependencyResolver/Operation/InstallOperation.php,1f4f93ca7e39d817260020c6c0a07bad03509b339e0a678ce6f9039dc5a941d8,1355
update/vendor/composer/composer/src/Composer/DependencyResolver/Operation/MarkAliasInstalledOperation.php,2e195a102a9077928c0c962e1e39ea5654b326cdc160dd7e64142a3e284bac37,1521
update/vendor/composer/composer/src/Composer/DependencyResolver/Operation/MarkAliasUninstalledOperation.php,4ef895fffcb6999c311437814ced14affa9ee6dd5bf260562a52d6735e71be80,1527
update/vendor/composer/composer/src/Composer/DependencyResolver/Operation/OperationInterface.php,0006576a27913942d78720f5d31004a3c6eba79cf61631e2724fd076b753dbf2,803
update/vendor/composer/composer/src/Composer/DependencyResolver/Operation/SolverOperation.php,e9fe7d6bd3b67f9094d6e8617ad943e0fab3e04b29c42bf424fe99acd5b2eeda,1020
update/vendor/composer/composer/src/Composer/DependencyResolver/Operation/UninstallOperation.php,fe156a0ac3c381f946fa8474495193ce43163b3c5743dd790020f04e8992fadb,1363
update/vendor/composer/composer/src/Composer/DependencyResolver/Operation/UpdateOperation.php,f247a33dcbf50d3fcebc0bca1c9050c5fdc86a52f90994a340989c96a06cd3ff,1839
update/vendor/composer/composer/src/Composer/DependencyResolver/PolicyInterface.php,288f43f5993bc157cbc8bac32a1b0c2d4d44fe2a670699cb4d45b80f06c79260,746
update/vendor/composer/composer/src/Composer/DependencyResolver/Pool.php,16500c9d6bd12dd9b78d25b3fbea4c3bff1280ff122be945349093f24c2e334e,13825
update/vendor/composer/composer/src/Composer/DependencyResolver/Problem.php,eb23be24625345456fa573c354daf9ab735571746bd62b4c23f0190f3700a032,8398
update/vendor/composer/composer/src/Composer/DependencyResolver/Request.php,e2f3533aef069055426b35b4410a71d51c065b6411967ee0d3bacae9a2f652d5,1843
update/vendor/composer/composer/src/Composer/DependencyResolver/Rule.php,eb8ef682497046097901ae08c7217be365ab932a4dcfad72686a1486018b123a,9772
update/vendor/composer/composer/src/Composer/DependencyResolver/RuleSet.php,a2fb387119031e161169f9f779537524d405196f36a1446a2f8f0f4e6e1f17df,3829
update/vendor/composer/composer/src/Composer/DependencyResolver/RuleSetGenerator.php,d6c4b63f82d1ed3a42e47b27487de92dc89233175540607eb9ff837f96b5cc18,12722
update/vendor/composer/composer/src/Composer/DependencyResolver/RuleSetIterator.php,79a0448d8caeb704868cfacb5f2853ced980234cdca5435fde4fc24a0847fa2f,2336
update/vendor/composer/composer/src/Composer/DependencyResolver/RuleWatchChain.php,1298a2aa3965bb0e87dc2793d93fcfa710b2bb2e7c96888f48b11827b6796df2,1402
update/vendor/composer/composer/src/Composer/DependencyResolver/RuleWatchGraph.php,1f4d31768638ef10f20cac4760167686f516507bdde0fdb8b1930bd56fc6a4b8,5320
update/vendor/composer/composer/src/Composer/DependencyResolver/RuleWatchNode.php,49b12b3694a04c9ce83b66acc9ed71eace0489cc74cad8fc63467b455e4113c8,2754
update/vendor/composer/composer/src/Composer/DependencyResolver/Solver.php,427ccd351e247e967361687e37c89da5f866054c061f5175e478d165c12a4909,26212
update/vendor/composer/composer/src/Composer/DependencyResolver/SolverBugException.php,7c915552dafa405482389086d51f3e3f3b1fc1f61982b0a073d36f3dcc5808dc,757
update/vendor/composer/composer/src/Composer/DependencyResolver/SolverProblemsException.php,8b742d9887cc46c39f1218cdfa6702dc2c6c99066f7bb59baf2a3cb8d4e343bf,2916
update/vendor/composer/composer/src/Composer/DependencyResolver/Transaction.php,6eb0303c4932f7e3583703c32716ccd472fbb4747cc96647f3f13772f336360f,7741
update/vendor/composer/composer/src/Composer/Downloader/ArchiveDownloader.php,ce03e423b2398c4a85ceb4c0a98280400eb8918a5326bca5abcb5b38e3c04fd9,6283
update/vendor/composer/composer/src/Composer/Downloader/ChangeReportInterface.php,25e34990ededed75f34780656164bb66e4e3770ab07ee211b2b4e92ad10add40,766
update/vendor/composer/composer/src/Composer/Downloader/DownloadManager.php,1b7e2fa6f849fbdaf1df8c67cb5247758f68c4bf4b6decf6b08d0079e0a1a8f9,10520
update/vendor/composer/composer/src/Composer/Downloader/DownloaderInterface.php,6572116f52478c29a9713de4a6d56bed8151a57049169e2168452e18420f8e6b,1781
update/vendor/composer/composer/src/Composer/Downloader/DvcsDownloaderInterface.php,7448b66876b670d0055fc3692146d74b1b067e39cea77516b2481b5672701f84,782
update/vendor/composer/composer/src/Composer/Downloader/FileDownloader.php,3b4306722202f782deb9fc6f2c2e43d934e679df77496c5e98a9455d034048f2,9155
update/vendor/composer/composer/src/Composer/Downloader/FilesystemException.php,038cd03275efcf73aa8f128bacdbf10afc29266c58803694eb947c083be02951,672
update/vendor/composer/composer/src/Composer/Downloader/GitDownloader.php,9a656e484c2b5b72bc01c323100f87c95e73fbbef9efb018cdd42a71a60ecd4f,17431
update/vendor/composer/composer/src/Composer/Downloader/GzipDownloader.php,a22b0e806fe9464d35572e35f446c964007525733e0e23bcaa7b3a95cf82dcee,2592
update/vendor/composer/composer/src/Composer/Downloader/HgDownloader.php,f94eb3c7373bcfd93e1a43b16d6d2fc34e2181c551940c62686b2af41c04e697,3459
update/vendor/composer/composer/src/Composer/Downloader/PathDownloader.php,659738d84334b14760c02c9c9dc2988059faebbc445af481517391cb6aff9970,5008
update/vendor/composer/composer/src/Composer/Downloader/PearPackageExtractor.php,7a2c33245a99d918d1cca38ed44041d31cfd4b188a9e87757312e3f00e84cd0e,11666
update/vendor/composer/composer/src/Composer/Downloader/PerforceDownloader.php,21d3ea743b6337d3fd73be74a60a692be11f71f9919c8f5c693e02aea81a234b,2892
update/vendor/composer/composer/src/Composer/Downloader/PharDownloader.php,fb7d0ea7985376c5f3fb2c20cd6c0c939e50c8818e9836ce82a0d82c95c54a88,937
update/vendor/composer/composer/src/Composer/Downloader/RarDownloader.php,a6db65e88dac9844bde516625cbd4c3f9b3033064aa40272495a42a8742308ca,3057
update/vendor/composer/composer/src/Composer/Downloader/SvnDownloader.php,402701fe1dd74c73aa5a6088e880a1b4ed2904a742093145ac6c338b7577dca7,6717
update/vendor/composer/composer/src/Composer/Downloader/TarDownloader.php,1d4624cec728c813a9099d94f80df9af520d01e8f66db5973aea1d77657904f9,697
update/vendor/composer/composer/src/Composer/Downloader/TransportException.php,f644f2a1250a82a8f77f659ca16fe5ff33f056f24582144840a5559527f324cc,1009
update/vendor/composer/composer/src/Composer/Downloader/VcsDownloader.php,8587d5d32e15e0ec9b8306ad1c40cf1bc44352212573adaa93e6ea828a362240,9235
update/vendor/composer/composer/src/Composer/Downloader/XzDownloader.php,96bdc82c740a96be646e5b931c16ae88f9f6838ea73f92421896881157bb79d0,1715
update/vendor/composer/composer/src/Composer/Downloader/ZipDownloader.php,7a91651e7bcdb28d0f54929ad288ee7616f0ffc838698835ab8a9df168a74eb4,5192
update/vendor/composer/composer/src/Composer/EventDispatcher/Event.php,47521c79de6e9b09f49003246ffec42c76f09d74063bc8a14983851ea1f552ba,2150
update/vendor/composer/composer/src/Composer/EventDispatcher/EventDispatcher.php,edea7959b9cf9060a6580a9a2015fbdad3e9c21c81a6f4da18fc48713e71dd91,16087
update/vendor/composer/composer/src/Composer/EventDispatcher/EventSubscriberInterface.php,1f0a05fdc965a73f087d7e4888590c7c7bcbf44a51c8124b62855f2a4b27d068,1553
update/vendor/composer/composer/src/Composer/Factory.php,f26a7a392943539efdefd959cd5b31fc0a0aa3e4d808395df7ad73e0c793b458,22757
update/vendor/composer/composer/src/Composer/IO/BaseIO.php,569dfe3e4b624bdade8d576b35431a8f889e0230eea48dc010e673da0dedc5c5,3404
update/vendor/composer/composer/src/Composer/IO/BufferIO.php,ebc70442a4b948d427306eb9837aa60430ecfa96b4dbbab21b9dbeb8853820e6,1822
update/vendor/composer/composer/src/Composer/IO/ConsoleIO.php,554f76ae2012cf9ee8aaf71a16e6b4f8b402e11b8e3222525f5b201cd575a8c6,8633
update/vendor/composer/composer/src/Composer/IO/IOInterface.php,aadcc15bb087f8aece26e67c34b463f4ac42ab5a0026325c9dd859445b46af11,6754
update/vendor/composer/composer/src/Composer/IO/NullIO.php,9dfc1106c2f6a27358963dd4ba6782bf030f65f044f3277ebd50c5a8508bb598,2311
update/vendor/composer/composer/src/Composer/Installer.php,aa7784e832670d21a88cd2d1115d944e83101cd1f0fac24ed1892fc7792815bc,58826
update/vendor/composer/composer/src/Composer/Installer/InstallationManager.php,77af0dd06f6e153fabd35bf44f29185408e3cd4c92cff7147f437dce31eddf27,10026
update/vendor/composer/composer/src/Composer/Installer/InstallerEvent.php,a60f9ad0fad3464a0e26abcac06780a6178c07650ec065e45b7e7fb022d20a63,3220
update/vendor/composer/composer/src/Composer/Installer/InstallerEvents.php,37b4e9fe5e5592c4c517c6366d16db6d9f5f5640b00a22e2ba8621556ee11446,1039
update/vendor/composer/composer/src/Composer/Installer/InstallerInterface.php,380155cee98b5ed79fd4d25adbd97d17eb40b1d5fc868628779b7669000676b0,2457
update/vendor/composer/composer/src/Composer/Installer/LibraryInstaller.php,0a08c7147c8c64f484699a2d36213ccc3a00979d18a7c12fd4e55b933e266975,12557
update/vendor/composer/composer/src/Composer/Installer/MetapackageInstaller.php,d061c677762905755aa642fb37f455f6fa928ef058fa482db6b94961586aead5,1913
update/vendor/composer/composer/src/Composer/Installer/NoopInstaller.php,2596a7a39bc97c0620e7e1e55f5e02e220ff963d8969811bb94be5b3589471ec,2158
update/vendor/composer/composer/src/Composer/Installer/PackageEvent.php,5013e3480d3625b1d77464b1a66bb9f6e83a6dbd3b7ca5b007015b7932912ebf,1876
update/vendor/composer/composer/src/Composer/Installer/PackageEvents.php,1e3488396a2b01316ab669ce5fd57a045f5f2c1c23cde1a67248b4cae378860c,2002
update/vendor/composer/composer/src/Composer/Installer/PearInstaller.php,a3a88ae0d231e666f6827be8920a6249b444b658f528dfbe90aa962513050576,6323
update/vendor/composer/composer/src/Composer/Installer/PluginInstaller.php,a449202fc1c463a5b12c37568a3f486027f9b6550febbb1aadd8524e10f236d8,2364
update/vendor/composer/composer/src/Composer/Installer/ProjectInstaller.php,3c286c736ffc0f2dc1c2c3c472a785bed6e4bc7ea96fc9ade2469a05864884d0,2607
update/vendor/composer/composer/src/Composer/Json/JsonFile.php,a23be7dce9cc3fb1ac0f2df57b0fe268276b4119cf7cd88397190fb6174a51e8,9272
update/vendor/composer/composer/src/Composer/Json/JsonFormatter.php,179ba69b412c33bc5e7ba75f4391a657bab0f1cf9ecdd304558c9a05e35a6384,4116
update/vendor/composer/composer/src/Composer/Json/JsonManipulator.php,0be7af6519d4c9b93b7a1dd805f68d25da221c2614d0b695fa5384b677db80a4,15923
update/vendor/composer/composer/src/Composer/Json/JsonValidationException.php,9c241318462a26a8917a970e9e4d5ef2dbc52ed0a9d3ac2554281398ce53ed83,704
update/vendor/composer/composer/src/Composer/Package/AliasPackage.php,277259eda1a4172ef2d85d4d8ad0de638b41f4dd3ec95e4c2786ef0b37d2c8a5,9095
update/vendor/composer/composer/src/Composer/Package/Archiver/ArchivableFilesFinder.php,0c87e3b5d70b2522fdb3e9ec5d0bb618f2918559eb31eddc670720ac14096f3c,2380
update/vendor/composer/composer/src/Composer/Package/Archiver/ArchiveManager.php,fd6076d940e5cba89576a3e9aabf3a9f7eef3d659789b36cd85a02dfced541bb,5900
update/vendor/composer/composer/src/Composer/Package/Archiver/ArchiverInterface.php,39e869e849e64b79a727d0567fdccedb6ac55a21c6c723adc6cb65ee3e0652e5,1247
update/vendor/composer/composer/src/Composer/Package/Archiver/BaseExcludeFilter.php,bb246f628dcc72168ebcdfd2e9701130ca033f5c2d8ffb2d2445affa6491b94b,3986
update/vendor/composer/composer/src/Composer/Package/Archiver/ComposerExcludeFilter.php,fb5200fa7822a778d37c77d1ec46aa6ccf8c1e839dbc1c51bc08b9bab4636773,858
update/vendor/composer/composer/src/Composer/Package/Archiver/GitExcludeFilter.php,8ae9d271cc22624c1bfd42749f4346aadcb44a42ac506dbc17a561546da1b3f0,2109
update/vendor/composer/composer/src/Composer/Package/Archiver/HgExcludeFilter.php,af3d0be9ca44bb2294b2bd756b7096fb23fee3abf813e1360f399c0b408587bd,2817
update/vendor/composer/composer/src/Composer/Package/Archiver/PharArchiver.php,9c570de2d00de86363d3305ad78ce219ab3725a9223fb3c3a962fe7c12927419,2721
update/vendor/composer/composer/src/Composer/Package/Archiver/ZipArchiver.php,d1789e4ed0fc8f1c19ce499696bc011cb17b86f53f9d10faad73d1670fd17fc1,1729
update/vendor/composer/composer/src/Composer/Package/BasePackage.php,47a246e3651cfbbad061d2105be9463a60c16308fae75343cecbf400ed8eec24,5608
update/vendor/composer/composer/src/Composer/Package/CompletePackage.php,b0306333b94c58e6d621f669d60d2b70d15e9b0e74981dc64de71abfd0cfc7dc,3645
update/vendor/composer/composer/src/Composer/Package/CompletePackageInterface.php,66c581a97a93504626ce7a5cbd81e761d2bf166d36838409a3807de019da8850,2019
update/vendor/composer/composer/src/Composer/Package/Dumper/ArrayDumper.php,4cd02b8eb18f54792deb2f7f13f41348d33e96bc2b3f171f4c16f235dcc079d8,4506
update/vendor/composer/composer/src/Composer/Package/Link.php,0ee059c02ad06de1e3bef636d741be4be513c3bd74ece63f907c1720ef896320,3013
update/vendor/composer/composer/src/Composer/Package/LinkConstraint/EmptyConstraint.php,10cc6c698f05ff0de53661598cb38ed65e9c1a48b12300900ac4bb2ebbcb536c,713
update/vendor/composer/composer/src/Composer/Package/LinkConstraint/LinkConstraintInterface.php,4f407f3defa4cc98b4cc1df1df1f705e0c917a08ac82197b8f8031790a590b1f,687
update/vendor/composer/composer/src/Composer/Package/LinkConstraint/MultiConstraint.php,c4dc33759a37540d3d21b56ae2e4529c382980585bb1a820cdb8275fbf3a867c,713
update/vendor/composer/composer/src/Composer/Package/LinkConstraint/SpecificConstraint.php,825ccac299fd5d15a12ef20e185c4caf9f5ace53195b7bbebc6eb54dbe9eb9cd,691
update/vendor/composer/composer/src/Composer/Package/LinkConstraint/VersionConstraint.php,418896a03849223105affc5e514644a603b65d33e92c8f91188401f7e4002c27,666
update/vendor/composer/composer/src/Composer/Package/Loader/ArrayLoader.php,fc14f01832b0b43f0780e5633720b50bad048268a0ecdf49088c419dd4306c4e,11108
update/vendor/composer/composer/src/Composer/Package/Loader/InvalidPackageException.php,63f4645b89aa07d7bf57243e807ae781d29fcededd88e31dba139d7d9c107604,1001
update/vendor/composer/composer/src/Composer/Package/Loader/JsonLoader.php,4dd3c7486561a91413a6dc0c7dd2311a8deb43abd82c2979e7c35f66c9bb3e11,1116
update/vendor/composer/composer/src/Composer/Package/Loader/LoaderInterface.php,94d5a9d92e9dc0e2df041197aeb80f0ba6db26ffc788ef451ed6e249de79e60b,834
update/vendor/composer/composer/src/Composer/Package/Loader/RootPackageLoader.php,985dc7900173c682e9c7805088d5d5e51762787b91b8417cdf5b012a8c800fdf,8710
update/vendor/composer/composer/src/Composer/Package/Loader/ValidatingArrayLoader.php,333616abfe802fbed8d662ae8ef9639cac6cc91d583f9cdd0946af5924ed12a5,17310
update/vendor/composer/composer/src/Composer/Package/Locker.php,7208fe44f367da0519829e184e6df10adedc3bb58fcdb337df1f7c3b9b53987e,14490
update/vendor/composer/composer/src/Composer/Package/Package.php,a669e25f0af044f6e64e6af10fbea967bb3063c139f8a8bc8ce37f6690979fd7,12546
update/vendor/composer/composer/src/Composer/Package/PackageInterface.php,98e40e59bf52295e6ca3a226e355a2b32cb22a37248de911e173ad9697725c02,9107
update/vendor/composer/composer/src/Composer/Package/RootAliasPackage.php,0270d89d466f08dc8cecf93ab1fd2c4b686663718e0af00a7c1d7f52497f7ea5,3519
update/vendor/composer/composer/src/Composer/Package/RootPackage.php,c1b8125bb0f4b2dcba1e92acc40ec988799958874653fe4670ee555d5ffb10df,2319
update/vendor/composer/composer/src/Composer/Package/RootPackageInterface.php,3a8b97bb98e5c6a43b36cb0dc096240508580a3bb8949ea2004d25d0df79bb19,3082
update/vendor/composer/composer/src/Composer/Package/Version/VersionGuesser.php,743ca3bc5fc46f7c7633fb5ceda07de948fd04a8631d2885f294492a021a9726,9066
update/vendor/composer/composer/src/Composer/Package/Version/VersionParser.php,c2565a59105aae8afeda478e1f4a5025205339ac80ad60cd131bdc536f2a1c91,1973
update/vendor/composer/composer/src/Composer/Package/Version/VersionSelector.php,211a23955b676c94823fad6d26a66d20ed33591ccb6696d31d0abb9890213bda,5757
update/vendor/composer/composer/src/Composer/Plugin/Capability/Capability.php,5f34e86a3a628fffc4c3394a46ab96da09421b666070686a1ecc0aad40ebd654,485
update/vendor/composer/composer/src/Composer/Plugin/Capable.php,fce5429055be516dacf9118548c29b12a47344d0c9580935eb0f39cc26c67ef8,1179
update/vendor/composer/composer/src/Composer/Plugin/CommandEvent.php,b5b5ebffb23719a5648da1561767a6478f7e53b5cae7fb16cd5be606aa1134ac,1965
update/vendor/composer/composer/src/Composer/Plugin/PluginEvents.php,40ff088561badacdfcd843f2d76d981d6cf3414e15e09daa9acbd8ff86eb612c,890
update/vendor/composer/composer/src/Composer/Plugin/PluginInterface.php,80c81a357c1619f223792ddc74e84952f3ea0e7b1fac3969f1e327384455d9d9,810
update/vendor/composer/composer/src/Composer/Plugin/PluginManager.php,83c9ba5b2833641611240bd745d95b610ddb7079b7544c9c315400810bc3cae9,14228
update/vendor/composer/composer/src/Composer/Plugin/PreFileDownloadEvent.php,7ccdacecb65fb4385f4ac747a090f005df697ae1a280cd10bc8c41ab66511c3d,1591
update/vendor/composer/composer/src/Composer/Repository/ArrayRepository.php,a23722692e4b1b4f0d73f5647df7d7fe0839839011b00cdf07368cf2e8e11843,5508
update/vendor/composer/composer/src/Composer/Repository/ArtifactRepository.php,b38cf175ad138e5d54aa74f39727418b2f45af74efa8ee15d74005944f74e0a0,4791
update/vendor/composer/composer/src/Composer/Repository/BaseRepository.php,e0e631bafd11d83730912c5ab535e6eb9f88549dc06e6d940860f302a9d2923b,3963
update/vendor/composer/composer/src/Composer/Repository/ComposerRepository.php,a813f0271f568dffeb8737fa577aeb8675221b9e3f2bec8f635c90b319228674,27482
update/vendor/composer/composer/src/Composer/Repository/CompositeRepository.php,792e1c27f946df24a4d0ac5eaa95a5cd35c84b54761c79fe2ff3730c6a2b611d,3906
update/vendor/composer/composer/src/Composer/Repository/ConfigurableRepositoryInterface.php,4baec366add4de162469dcfaacec4b0bebcf871c3de8f3ff938c50384bf988e8,478
update/vendor/composer/composer/src/Composer/Repository/FilesystemRepository.php,4c63120241f2aab870844802eab4d24dbbc40c947794c854c6c1055f99879997,2175
update/vendor/composer/composer/src/Composer/Repository/InstalledArrayRepository.php,ac67812423c8ba016b70ce50f2177f1be3df877206941beea5546c293b6c54e6,584
update/vendor/composer/composer/src/Composer/Repository/InstalledFilesystemRepository.php,88bee0e0f565975569053a49a2f057468bf67b2b10947d88814e23071b09740a,504
update/vendor/composer/composer/src/Composer/Repository/InstalledRepositoryInterface.php,e1cea1728e85aa3b29ba399fdbf0780abcef8625b7975354b904c4cca41ed168,579
update/vendor/composer/composer/src/Composer/Repository/InvalidRepositoryException.php,f81040eff1fe6847b0fa05c61b6e6e44e1360faf0f32474ed62ddf541190e1e3,479
update/vendor/composer/composer/src/Composer/Repository/PackageRepository.php,a7a1a45074f0aca3b7a1ecc63c9962c588526e044161b19d9295b360a2e09847,1628
update/vendor/composer/composer/src/Composer/Repository/PathRepository.php,04c488e7181896d55d987908f1eb194180d16c7dadfbab6a28527b07a67b0dff,4625
update/vendor/composer/composer/src/Composer/Repository/Pear/BaseChannelReader.php,d21f2a5ecdbe11eb99ef23143cf5e18c1d6cd839326aced7bb4fe3757faab31f,2454
update/vendor/composer/composer/src/Composer/Repository/Pear/ChannelInfo.php,1117316b7a397a62e03fe457cc605e6bc2723a14149077386995c5406740caf0,1218
update/vendor/composer/composer/src/Composer/Repository/Pear/ChannelReader.php,341940a67d0437dfb03ceaefad04fe9a9a7fb20465e333fd48b00770768ac40a,2901
update/vendor/composer/composer/src/Composer/Repository/Pear/ChannelRest10Reader.php,361e05c49f353f778cc85fe6f5fa394911280348a484b50fc985442f925de8e0,4874
update/vendor/composer/composer/src/Composer/Repository/Pear/ChannelRest11Reader.php,ec729436f77b74aa5fab78179d6228bfcbd7fee85a6037b011236fb89fc9eb5e,4097
update/vendor/composer/composer/src/Composer/Repository/Pear/DependencyConstraint.php,3d96f3725849da8c08dd3071b928c7683f27378006468d8425f045ac0a44de91,1248
update/vendor/composer/composer/src/Composer/Repository/Pear/DependencyInfo.php,dd3b45e79a4b73516db8a6ec7176b934974dcdcc52104f7364b985f80965d8dc,1179
update/vendor/composer/composer/src/Composer/Repository/Pear/PackageDependencyParser.php,faca2aa87a8e56f5fd7cab36b286b629ada75f346defbdf64f481e024a66c539,10774
update/vendor/composer/composer/src/Composer/Repository/Pear/PackageInfo.php,f8652107e5c293c32ac6bd304fac09bf3dc0a2b2cbd109386f59c25d2d8c6800,2122
update/vendor/composer/composer/src/Composer/Repository/Pear/ReleaseInfo.php,99e9c74b0b3a7d016570d32dba93ef389858bbcc2ab85b0a40dd23d5a677999c,1026
update/vendor/composer/composer/src/Composer/Repository/PearRepository.php,7aece57552d701b51768163e624ac6241e0c07b409dd3ec2cfc727a8a3287424,8743
update/vendor/composer/composer/src/Composer/Repository/PlatformRepository.php,fd67fe49302794139f8c86084676436d7f4b2756e3b07d156dc61f5d8e7ac6d2,8391
update/vendor/composer/composer/src/Composer/Repository/RepositoryFactory.php,20db059012db22b251b56daa16a856fe8a2225ff4378e780e22f5022f9284f33,5919
update/vendor/composer/composer/src/Composer/Repository/RepositoryInterface.php,9e869add0afebb83492b0e17de9878bc9aa1e70e44ed799227e3734ba25567cf,2230
update/vendor/composer/composer/src/Composer/Repository/RepositoryManager.php,40f81fc265e453de787e9a0dc77cd1004804dea1f1cba4a4af25ef048c994c39,5183
update/vendor/composer/composer/src/Composer/Repository/RepositorySecurityException.php,3aa5be7802fdd5b38b6b930444fb8b18a1935e515e0178c8087a7e9dbb4fe798,482
update/vendor/composer/composer/src/Composer/Repository/Vcs/GitBitbucketDriver.php,6a5494e5ca20e8eb9164bc604a10abea2a08b8bb1736448e3f2f714feca3e11a,5154
update/vendor/composer/composer/src/Composer/Repository/Vcs/GitDriver.php,1680a71efedf540635e720846938dea1202a9f2f89c6c21a5dfe1a5a787fc24e,8179
update/vendor/composer/composer/src/Composer/Repository/Vcs/GitHubDriver.php,49ee17f0c7b7be80dbf2e698d9b5d5828bc089c400cd3218e3218b8eb4fbaa81,15641
update/vendor/composer/composer/src/Composer/Repository/Vcs/GitLabDriver.php,e09472e7ebcc883e117ba994f3461ac4748a444f1bc88a3068fd858a01ca88ca,10810
update/vendor/composer/composer/src/Composer/Repository/Vcs/HgBitbucketDriver.php,13d7ec22f46ab0e41a8509ea9c2cfdc9fa75e9f70a3d99b66c9dfdbfdda7ae2e,5758
update/vendor/composer/composer/src/Composer/Repository/Vcs/HgDriver.php,e4f042d03b88fda82e8bf9d185e08c9c6e2c0f0de69881941a020c4ff9f82263,7380
update/vendor/composer/composer/src/Composer/Repository/Vcs/PerforceDriver.php,2b82a5c58ea73b8fdec1ba2332f17d97ecdffdfb5e4b645d0a820f4b69ca15c1,3967
update/vendor/composer/composer/src/Composer/Repository/Vcs/SvnDriver.php,8fe5e792be2644a903c7ecebf6665b73b9384d97ddc95792eab89845b6206e0a,10866
update/vendor/composer/composer/src/Composer/Repository/Vcs/VcsDriver.php,618af7c59ff8e800f2ccac472f25e8fbb4b0e84b087225a0b85ed60ef55bf9f8,3211
update/vendor/composer/composer/src/Composer/Repository/Vcs/VcsDriverInterface.php,101615a99abc5d9f969273489498d50b017db700c8e94158188f83be9e2518ef,2786
update/vendor/composer/composer/src/Composer/Repository/VcsRepository.php,b4c057179d48e1909591d576ae308a68303e4ff2f191328c78b888d974595c3a,11416
update/vendor/composer/composer/src/Composer/Repository/WritableArrayRepository.php,e1767778544d83d577c42ab98a5c3d8a5b30aacfa77822e00de29bf935898c42,1520
update/vendor/composer/composer/src/Composer/Repository/WritableRepositoryInterface.php,55a508fdb34a6003420e51bbd9a9a2d890bc542d5b0d5350fea76cb49d3a9215,1253
update/vendor/composer/composer/src/Composer/Script/CommandEvent.php,a235947665de76bf4a58158b46a1c8538abd0377ee0e80569c567dbdf131063c,416
update/vendor/composer/composer/src/Composer/Script/Event.php,c245b0d5e5c76a61cc65a1ae0740e4e61954714bab6c1ca39922079c67b80b97,2000
update/vendor/composer/composer/src/Composer/Script/PackageEvent.php,99e7973a41838402f5a86da37b1621e8642c958b2f9760ee2abd8daccfbc8567,495
update/vendor/composer/composer/src/Composer/Script/ScriptEvents.php,4cb6d2ca6e18a264daa382812f0c371f99a52e432e23471e7ca28f52a06c8ad9,5855
update/vendor/composer/composer/src/Composer/Util/AuthHelper.php,b7baf409583b1265faca667931ccd8ea3fc9875ce04e3826aaa94e0eec3ab4d4,1695
update/vendor/composer/composer/src/Composer/Util/ComposerMirror.php,8f2e8a1653eb72d03131aec9e816de5141d484923db84ca43e8c7181dc855a04,1787
update/vendor/composer/composer/src/Composer/Util/ConfigValidator.php,f39a21af01c069919004b0664a56027083dabb4fb6b6beb08178015476f15ff0,6574
update/vendor/composer/composer/src/Composer/Util/ErrorHandler.php,eccd2ad561787ff4de144705fa95eed5569ab5fd28eea6999d860e33d2189632,2271
update/vendor/composer/composer/src/Composer/Util/Filesystem.php,40c2418eb6fed2ce7b7857a9d54a38a63877b3fbff25f8d3601eb45facf8b14e,20804
update/vendor/composer/composer/src/Composer/Util/Git.php,fa54ba8f95654b1c8b10b2ebc996e5022fcaf60bd4a134784f67cec9e33b45e1,10020
update/vendor/composer/composer/src/Composer/Util/GitHub.php,18e112ce799a860fda00f225b0a1707b48b334e606a23a1d5a92b449efd21ac1,4592
update/vendor/composer/composer/src/Composer/Util/GitLab.php,1acd1329c0a687d6ed46b2755a14ae0410c0b32d5f13e874c850decf0f27dcc6,5156
update/vendor/composer/composer/src/Composer/Util/Keys.php,8c60c355be4e4431b03248e70c6e6f8dba26ea55ad3432e9e038380b3f04f25e,868
update/vendor/composer/composer/src/Composer/Util/NoProxyPattern.php,ae95d35e24fbcea446c8ecd2fbaf1613d8ca010606181545adaeabd555fd702a,4169
update/vendor/composer/composer/src/Composer/Util/Perforce.php,6565064230e47fa110573fef2106102b0e9ec1c0f07529c770e89f7b5f669fc5,17580
update/vendor/composer/composer/src/Composer/Util/Platform.php,3483c8bf5a53b0661434f74f20132902ba56b15cf44cd13def75fe33fb7c2448,628
update/vendor/composer/composer/src/Composer/Util/ProcessExecutor.php,eb0bc63dc3ab09932351d34eef292ac8e9b5c81f51b0e19e30a036df10c8f72f,3254
update/vendor/composer/composer/src/Composer/Util/RemoteFilesystem.php,d5ea3ebce810b90d18692ed2193809f0518f06490218d5d828a962dcdd1c7785,41750
update/vendor/composer/composer/src/Composer/Util/Silencer.php,d7ccbe82e9dd869e566ebd2745db83d6d7e4fdd3ae57f5f30ba28a44c62b7f48,2174
update/vendor/composer/composer/src/Composer/Util/SpdxLicense.php,701a5163eaaea41ba3d22bd32a1592662781ef69a698d3997a0531f08866a187,570
update/vendor/composer/composer/src/Composer/Util/StreamContextFactory.php,a0b7e2549ffaa1b8ea2fa48dfd4b803fc96036f7bdd724eb3d0bbe8129ff09aa,6936
update/vendor/composer/composer/src/Composer/Util/Svn.php,1be0b2274c8b53bbe83baca5e72b6d31549816ddf0d339186516913292992073,8755
update/vendor/composer/composer/src/Composer/Util/TlsHelper.php,ad481056381b177b9ac8bf0b23674971bae1928199b2a091fa131068739fd849,12313
update/vendor/composer/composer/src/bootstrap.php,474691338d02a2bbd2bc87fcbc83c7e0a5be410ff7a955e5b6a1903cb8127e5d,713
update/vendor/composer/composer/tests/Composer/Test/AllFunctionalTest.php,430dcd91e6d72cde6f3455051f1745a93eaa9eb598d186d7a02801eacd8354ad,7413
update/vendor/composer/composer/tests/Composer/Test/ApplicationTest.php,6971d121ddc9dcd55618e3ef983887a53e4fe9a80cad8550dd3025d747a34221,3089
update/vendor/composer/composer/tests/Composer/Test/Autoload/AutoloadGeneratorTest.php,fe7105cfcc483c0a4088ca37674c4dec58bbc8b3ec93038b97a96cec71755344,57189
update/vendor/composer/composer/tests/Composer/Test/Autoload/ClassLoaderTest.php,90f689d7ef406133b09b998a3a926ad8afd5fbf548f28d18d74ef0b37cc939b7,2567
update/vendor/composer/composer/tests/Composer/Test/Autoload/ClassMapGeneratorTest.php,e8aa4c259ab395788d2d72309e474b575ad344ef775033dd8979c92ef27c4993,9420
update/vendor/composer/composer/tests/Composer/Test/Autoload/Fixtures/Namespaced/Bar.inc,5e1d5273a0d9ca33ace9c22e7b4982a0801b54f008b141731ad1ba6990a65454,78
update/vendor/composer/composer/tests/Composer/Test/Autoload/Fixtures/Namespaced/Baz.php,631bcfbf91f69980e7fc16212495cf2d091e461b65bfdd2f5c6526da07732aa9,78
update/vendor/composer/composer/tests/Composer/Test/Autoload/Fixtures/Namespaced/Foo.php,70e7165e0fcaedf7279192d8e85517116f011c13b51234ca794774f0c5302d12,78
update/vendor/composer/composer/tests/Composer/Test/Autoload/Fixtures/Pearlike/Bar.php,352af4c633fb6be3b99170b0b35e677f2ad4ebb4c35d018a5fc4d660d3437587,64
update/vendor/composer/composer/tests/Composer/Test/Autoload/Fixtures/Pearlike/Baz.php,397d8a46f6e6e0e9bbf07e4e9bd6087bcbac2059ad36273c44c1edce51471627,64
update/vendor/composer/composer/tests/Composer/Test/Autoload/Fixtures/Pearlike/Foo.php,49c69f00352bbe407d3d744ec051380982ef00b81937ce1414093c329681a2e2,64
update/vendor/composer/composer/tests/Composer/Test/Autoload/Fixtures/SubNamespace/Bar.php,fa1385dc2ca129eaeee9907a248ff33fb48e1f6e38b4cf393cd84b83e125e7ad,70
update/vendor/composer/composer/tests/Composer/Test/Autoload/Fixtures/SubNamespace/Foo.php,c3be900e008681c9269a3a9732fe964158c55fd772e9d1ff5430567473618d3e,70
update/vendor/composer/composer/tests/Composer/Test/Autoload/Fixtures/autoload_classmap.php,37a23bf2b36b6ea443e08f86f9bc91674ec46da6d7db9dee1b91248936f1d1b4,433
update/vendor/composer/composer/tests/Composer/Test/Autoload/Fixtures/autoload_classmap2.php,c9c05d06f952f677f01923da8fefea767c03e56b1ab372dc3d5f066c6e4663fa,212
update/vendor/composer/composer/tests/Composer/Test/Autoload/Fixtures/autoload_classmap3.php,be523bd14a27c274614f0764dfc46f0870f1ad5b72c4ef138f4a9e8b194080bb,249
update/vendor/composer/composer/tests/Composer/Test/Autoload/Fixtures/autoload_classmap4.php,d70da68d7d7f67cd9cfad1df312562d74a5436d34b558744c583761841ad3112,303
update/vendor/composer/composer/tests/Composer/Test/Autoload/Fixtures/autoload_classmap5.php,ddc29bdde221ebfcf60d3e422b11723783a118bface157b2f763fc66fc4397a7,305
update/vendor/composer/composer/tests/Composer/Test/Autoload/Fixtures/autoload_classmap6.php,c1492c948d4a4add886d4f72a15c2620ae2414a7208a278fef709bc17e94317e,251
update/vendor/composer/composer/tests/Composer/Test/Autoload/Fixtures/autoload_classmap7.php,1886e95e79d84af26ee24f8295332d53c92e359965bb5cc199c002d344db599b,210
update/vendor/composer/composer/tests/Composer/Test/Autoload/Fixtures/autoload_classmap8.php,cd1269304a48133769dc3420268789c9fbc5c74d208f33b66045f13697fe6408,329
update/vendor/composer/composer/tests/Composer/Test/Autoload/Fixtures/autoload_files.php,3e436a358d21dd323133239f2af9f5cb9865843f57dc6e3976810cb11c02a1b5,274
update/vendor/composer/composer/tests/Composer/Test/Autoload/Fixtures/autoload_files2.php,d69d11169fadaba659a1b6a5e8646347d606f723e57eb5e4cb80859743397070,218
update/vendor/composer/composer/tests/Composer/Test/Autoload/Fixtures/autoload_files_files_by_dependency.php,d362c5cea7101830228d75e42da5e8867ece5d1db1404cf1b2dd27165f5e878b,355
update/vendor/composer/composer/tests/Composer/Test/Autoload/Fixtures/autoload_files_functions.php,070872db2e809ced303c363a04c22b76350409f919bc145d8a8fddc7f744451c,517
update/vendor/composer/composer/tests/Composer/Test/Autoload/Fixtures/autoload_files_functions_with_removed_extra.php,b647a60825c2d8106eaff3ece4aa0b3f472174ed19c0ebd4ed3c7d492e17ac18,210
update/vendor/composer/composer/tests/Composer/Test/Autoload/Fixtures/autoload_files_target_dir.php,089e6ed3f80bb5e4ebafbc287cba5a0c4cbff5cff6f82a135d3cdff0cd80ff96,274
update/vendor/composer/composer/tests/Composer/Test/Autoload/Fixtures/autoload_functions.php,2fdd4ec62b357f44767536af2ce36268903ee43b0b95d62422cdda2e012184de,164
update/vendor/composer/composer/tests/Composer/Test/Autoload/Fixtures/autoload_functions_by_dependency.php,7b5c029bf8be8fbdf23b7ec573379961600570ced0365d2708f12c52f1dcfe18,169
update/vendor/composer/composer/tests/Composer/Test/Autoload/Fixtures/autoload_main.php,850de4c167d427b3b717dc948c95b520fd98928a35fce11b7f99ee6306147e85,248
update/vendor/composer/composer/tests/Composer/Test/Autoload/Fixtures/autoload_main2.php,4990c0f08431f53e98aa63f9c0128a55eb5ea9182e8cab3ffcfd09b820e69eaa,238
update/vendor/composer/composer/tests/Composer/Test/Autoload/Fixtures/autoload_main3.php,7c336496564176e62d67067ccf89eb12e408d6c4a375113f0f28fc7502f927f8,224
update/vendor/composer/composer/tests/Composer/Test/Autoload/Fixtures/autoload_main4.php,1abae4ec3fa7a6035edf2f79c3087aed47a0837d8c5a927a23c8dc4e14fe9089,189
update/vendor/composer/composer/tests/Composer/Test/Autoload/Fixtures/autoload_main5.php,b72d99ff89e99e7fc47b8de65f593386c6c15f75724bdbb255f226adba133789,210
update/vendor/composer/composer/tests/Composer/Test/Autoload/Fixtures/autoload_psr4.php,92ed391f446ed549915825a1e9745ef32cdc02da6176cca8fe7f803238b56555,275
update/vendor/composer/composer/tests/Composer/Test/Autoload/Fixtures/autoload_psr4_2.php,ec60fdf394e96f834febf836388409c8519b461abeb45b7ccc002e16db4f6734,284
update/vendor/composer/composer/tests/Composer/Test/Autoload/Fixtures/autoload_psr4_3.php,a4ea718eb9f891da9a3e573a1230c8985e23d317614e854f62a6951a3a777c53,272
update/vendor/composer/composer/tests/Composer/Test/Autoload/Fixtures/autoload_real_files_by_dependency.php,517fdf25dd24213dbca16ff67fe51228beca72693dc6c96bded044f6edf6e68d,1723
update/vendor/composer/composer/tests/Composer/Test/Autoload/Fixtures/autoload_real_functions.php,ea6335d511568152c31a62b8c2fbb635d18c9a3fc479f5be87dbd5e96bd413db,1698
update/vendor/composer/composer/tests/Composer/Test/Autoload/Fixtures/autoload_real_functions_with_include_paths.php,b70bf9b24342ad2f697331484218f862e214f3655f8fab71e660b426f580c7c0,1881
update/vendor/composer/composer/tests/Composer/Test/Autoload/Fixtures/autoload_real_functions_with_removed_include_paths_and_autolad_files.php,5b8ebd69f5f12358b77c02f25f718b4778fb5ffde2d4899988ebb91814e1197d,1253
update/vendor/composer/composer/tests/Composer/Test/Autoload/Fixtures/autoload_real_include_path.php,dd3af9c4c5562ff2e5e734c9674f0ce1e7a2280d03b86c14cb94483fe35e2962,1934
update/vendor/composer/composer/tests/Composer/Test/Autoload/Fixtures/autoload_real_target_dir.php,442367d737d46960921ab2f67d78b67208a6d5dcd479344f308efbdd55b090dc,2321
update/vendor/composer/composer/tests/Composer/Test/Autoload/Fixtures/autoload_target_dir.php,1aa7fe462adc2de40d9977eb51305b98a2b1ecd899cc9a734c9ec1c0f617e6a8,160
update/vendor/composer/composer/tests/Composer/Test/Autoload/Fixtures/autoload_vendors.php,50821785c9ca270c7f6d2504e65edf7e11451576a74b556a3e2715ca87bbb1f5,292
update/vendor/composer/composer/tests/Composer/Test/Autoload/Fixtures/beta/NamespaceCollision/A/B/Bar.php,7683aca8b394ba95eb83b5879d45256decac7ebc596bdba8a21489c0edc46584,90
update/vendor/composer/composer/tests/Composer/Test/Autoload/Fixtures/beta/NamespaceCollision/A/B/Foo.php,fbaf177ae56c15cbafdea6f0e12d413c1832dc62216d7488e6ed44f09e850e68,90
update/vendor/composer/composer/tests/Composer/Test/Autoload/Fixtures/beta/PrefixCollision/A/B/Bar.php,15ecfffa1835f458cbfa28abd0a35e277fd10d5c29bee2a26e79aed0c7b11c82,75
update/vendor/composer/composer/tests/Composer/Test/Autoload/Fixtures/beta/PrefixCollision/A/B/Foo.php,a97bd5f8e1e76be776a10ddfbe49fe60c96e31a2425ad76a9fa70c6e2c8f311b,75
update/vendor/composer/composer/tests/Composer/Test/Autoload/Fixtures/classmap/BackslashLineEndingString.php,622b82afe6f047226b392129ba4a7cf98d0643b7f6e40d09a96a42915714cddc,197
update/vendor/composer/composer/tests/Composer/Test/Autoload/Fixtures/classmap/LargeClass.php,547ea65f5e21e1c35ceffded9ee17b08fe6d353ac436f90b69ec8608e8fc0a67,1116737
update/vendor/composer/composer/tests/Composer/Test/Autoload/Fixtures/classmap/LargeGap.php,61599767966fe1420450b14d598ce813fb802c98ec71c7e253b27754ab3cd913,1116753
update/vendor/composer/composer/tests/Composer/Test/Autoload/Fixtures/classmap/LongString.php,22c41cbf73f76f6dbe454d1d0db6679dd9ed3b332118498d8ca74b67f7756f68,778267
update/vendor/composer/composer/tests/Composer/Test/Autoload/Fixtures/classmap/MissingSpace.php,8a034cf2db5a1bc04bcf3b2eb6e8fbdb5a2952925ab8d197d1cdc28f092d1295,45
update/vendor/composer/composer/tests/Composer/Test/Autoload/Fixtures/classmap/SomeClass.php,c316f551bda6d0cb907f63d986304954cb3bee43f704ecce990d326d3c43281d,93
update/vendor/composer/composer/tests/Composer/Test/Autoload/Fixtures/classmap/SomeInterface.php,1c515dbb25c29dd3c1c21c36fc41c54eeaa38375de2632af7e1b8a77f0023ce4,57
update/vendor/composer/composer/tests/Composer/Test/Autoload/Fixtures/classmap/SomeParent.php,f707f5532aca4abed20b0ae9b6ee31e50801af0d3d98abeb5366ad91fc9277c2,59
update/vendor/composer/composer/tests/Composer/Test/Autoload/Fixtures/classmap/StripNoise.php,4230871c834338c10be3f7385a58305fbfa3bf5b19fefd828bee96ff3da36fa3,371
update/vendor/composer/composer/tests/Composer/Test/Autoload/Fixtures/classmap/Unicode.php,02399e8dbe696529675c1fd6792195f43aa87737ff119df2f6613cb310e12516,44
update/vendor/composer/composer/tests/Composer/Test/Autoload/Fixtures/classmap/multipleNs.php,c0220ee29ff63d3f07d99e384e5a689d64363eaa37695a1c4afd23a86b5a6bb9,139
update/vendor/composer/composer/tests/Composer/Test/Autoload/Fixtures/classmap/notAClass.php,a868960b19af7eed6e98a3d20a4f1b0e120370984f988c8bda344cfa88885054,28
update/vendor/composer/composer/tests/Composer/Test/Autoload/Fixtures/classmap/notPhpFile.md,d308fc19734ef889ec19b509a66b19bb6c5acb8459d60225bdaece3f1886723a,57
update/vendor/composer/composer/tests/Composer/Test/Autoload/Fixtures/classmap/sameNsMultipleClasses.php,c336b8db7427544486e826a6f08da8e737ba5ed6e83b6162e6b35fa06fbf3d0a,49
update/vendor/composer/composer/tests/Composer/Test/Autoload/Fixtures/hhvm3.3/Generics.php,cd105b0b999cb8be53e9ee7f0a3a34f94e55d988894147ce53b3e958351a4a3f,38
update/vendor/composer/composer/tests/Composer/Test/Autoload/Fixtures/hhvm3.3/HackEnum.php,7890f473b764cc61ac42f512c6005c0a03ec6e95ccd34e43edc2a3a6733b52a0,52
update/vendor/composer/composer/tests/Composer/Test/Autoload/Fixtures/hhvm3.3/NamespacedHackEnum.php,d555d87134485f34ac13fdc0079d4038a11b89ee1c0739835b0d10a02c48ec07,64
update/vendor/composer/composer/tests/Composer/Test/Autoload/Fixtures/include_paths.php,b27db052e91c7838a979fecbc28f78a4d349ec21fec34fa5ea7a06f66b35ef48,236
update/vendor/composer/composer/tests/Composer/Test/Autoload/Fixtures/include_paths_functions.php,9de016ea1789da37869c7a37114ab454312f3e64b16fa27920bfb151a6acb8c2,309
update/vendor/composer/composer/tests/Composer/Test/Autoload/Fixtures/include_paths_functions_with_removed_extra.php,53e6a4be97b004938188e2d4a87356f61d4c5a27260e009ed8ade7adfdf48dca,189
update/vendor/composer/composer/tests/Composer/Test/Autoload/Fixtures/php5.4/traits.php,40f2ae0dfcc08ac46667ea40851c20811c4b71a43b511bad3046e133505a412a,273
update/vendor/composer/composer/tests/Composer/Test/Autoload/Fixtures/template/notphp.inc,bc0b676532884638a9a6b353ec452dde2d8efe60f3c5216ccfd7894eaf77c603,291
update/vendor/composer/composer/tests/Composer/Test/Autoload/Fixtures/template/template_1.php,2522a9ab79ebb9e983bfb2d2a7b9390f3f650525c2e101eb06fa80d0e148f369,108
update/vendor/composer/composer/tests/Composer/Test/Autoload/Fixtures/template/template_2.php,cba8683e27ded1082140a9d307ccffbb46380bb1fb7bce18969bf480e2e4e0ef,115
update/vendor/composer/composer/tests/Composer/Test/Autoload/Fixtures/template/template_3.php,512e21a331b195819d27f1c42dfd2542c29b976199d475e1bae8d6440c6bfd47,113
update/vendor/composer/composer/tests/Composer/Test/CacheTest.php,93f29abd3cac4bc3a88476122724b577d5e49060083112121f01fdfbcb374093,3289
update/vendor/composer/composer/tests/Composer/Test/Command/InitCommandTest.php,809bbeee1fd7e066f395fc2f247219675ea68cb59d1ede67a4030a571578d230,1768
update/vendor/composer/composer/tests/Composer/Test/ComposerTest.php,c5d4abf489b42ebe1b4657bf74872654645b28d32c64f7de0b646af1ed5f361b,1969
update/vendor/composer/composer/tests/Composer/Test/Config/Fixtures/addLink/conflict-from-empty.json,07c3d76190b3b4e3c2574d9acf3685ecf49b757540e106c6e7dcf6e623c5c80f,116
update/vendor/composer/composer/tests/Composer/Test/Config/Fixtures/addLink/conflict-from-oneOfEverything.json,85e100a73279ceaaa2fd3ebd600b1abe0f3687bc0d525e91f25d85d3927204b0,500
update/vendor/composer/composer/tests/Composer/Test/Config/Fixtures/addLink/conflict-from-twoOfEverything.json,cbb5007088a14eec5658594987fa39b55ccce4dafb1b8386a895a1fdc2483505,801
update/vendor/composer/composer/tests/Composer/Test/Config/Fixtures/addLink/provide-from-empty.json,b041db38e7f10ec3139227291a01369ae96c21f17bf6c32236948acf92024287,121
update/vendor/composer/composer/tests/Composer/Test/Config/Fixtures/addLink/provide-from-oneOfEverything.json,f8ae336db8922f1416ec1a2575db53374c905e5d979b4532f431954d37cd5d81,506
update/vendor/composer/composer/tests/Composer/Test/Config/Fixtures/addLink/provide-from-twoOfEverything.json,2469b8597fc974f066dd86155c5135ebf47c915519ecce9ef87454290b0b523a,807
update/vendor/composer/composer/tests/Composer/Test/Config/Fixtures/addLink/replace-from-empty.json,066b5538e08cca53011d4703a76f66bffa3f32e580efe9aaf086afea100e0a77,114
update/vendor/composer/composer/tests/Composer/Test/Config/Fixtures/addLink/replace-from-oneOfEverything.json,129ecd14e02b95ea30fd676a4a203cd9bf9659fed5fca4fbe375d5cfb749b623,499
update/vendor/composer/composer/tests/Composer/Test/Config/Fixtures/addLink/replace-from-twoOfEverything.json,cc564ff76167b57c5980b84153f35f9a172bca81b9f1e66f8376c0a32fbdfb74,800
update/vendor/composer/composer/tests/Composer/Test/Config/Fixtures/addLink/require-dev-from-empty.json,0b62be1999663f4c1c3828ad3cbcdf04dfe361331fb6328b05ce37cac9ccb9b1,121
update/vendor/composer/composer/tests/Composer/Test/Config/Fixtures/addLink/require-dev-from-oneOfEverything.json,5ef5deeab0a6b54573d8412bd7f86f76bb8a918c446ed2fcc80837262b42cdba,502
update/vendor/composer/composer/tests/Composer/Test/Config/Fixtures/addLink/require-dev-from-twoOfEverything.json,5d56974412e5150ebe846187c848f9952581e4c5dea39273e091bbc7e5ed007e,803
update/vendor/composer/composer/tests/Composer/Test/Config/Fixtures/addLink/require-from-empty.json,a3833cfb5138dcf477d946d92cc1fca165079c9150c96b4b60de39b25ec6edea,111
update/vendor/composer/composer/tests/Composer/Test/Config/Fixtures/addLink/require-from-oneOfEverything.json,7073954737bae0e141fa8d47965aa905a70d607972c7288cc981827888c31037,496
update/vendor/composer/composer/tests/Composer/Test/Config/Fixtures/addLink/require-from-twoOfEverything.json,094c768d604016bfcb3281527b9bff9d60228538c9b44c1d9ce7dd2a1e2b7258,797
update/vendor/composer/composer/tests/Composer/Test/Config/Fixtures/addLink/suggest-from-empty.json,2ac5422b1bce730223e57d33eb5cd45ba7967ee093307ff10bac567ed4a412ec,126
update/vendor/composer/composer/tests/Composer/Test/Config/Fixtures/addLink/suggest-from-oneOfEverything.json,da1037050b639c5e4232dad93281e406b5423dbd9cd92720964e2539508daa98,511
update/vendor/composer/composer/tests/Composer/Test/Config/Fixtures/addLink/suggest-from-twoOfEverything.json,d57b87c23da0e65b6ecf34f81d530223fd5101af1ae3179d75d884991681fcc8,812
update/vendor/composer/composer/tests/Composer/Test/Config/Fixtures/composer-empty.json,0b2cd74c6f8d1baa172d0047fdb0129762e8a028f5fb6cd59e148745c0b070f7,55
update/vendor/composer/composer/tests/Composer/Test/Config/Fixtures/composer-one-of-everything.json,52eb2715e8d3ed7d1e3ad337be9536cb17e048a74b5f965be71dbf4ccc21ef85,463
update/vendor/composer/composer/tests/Composer/Test/Config/Fixtures/composer-repositories.json,913a04cbff184cf9c539133910329880ad0944a8fe9ee1037422f23e578061d6,84
update/vendor/composer/composer/tests/Composer/Test/Config/Fixtures/composer-two-of-everything.json,8578e2fdbb12f6102cbf975502fa6d546867a8abced5ef740e3b8b50370b825d,764
update/vendor/composer/composer/tests/Composer/Test/Config/Fixtures/config/config-with-exampletld-repository-and-options.json,761ef401665c350ea0cae89f734d72af50cbe7465d9cc3c5733abf402cfd42a0,344
update/vendor/composer/composer/tests/Composer/Test/Config/Fixtures/config/config-with-exampletld-repository.json,41f1fddde7cbaf6ac4c327f27f198286e84d02acce25c7aa346642f50a87054c,179
update/vendor/composer/composer/tests/Composer/Test/Config/Fixtures/config/config-with-packagist-false.json,459230ad0cfb8ef052a5c00430ce3521148ba5e3eabb275e8faab06d345ee875,111
update/vendor/composer/composer/tests/Composer/Test/Config/Fixtures/removeLink/conflict-to-empty-after.json,7ee412a1327edb0217db7698f6f4d9242819bf734e2544f70b5159878e18461c,80
update/vendor/composer/composer/tests/Composer/Test/Config/Fixtures/removeLink/conflict-to-empty.json,07c3d76190b3b4e3c2574d9acf3685ecf49b757540e106c6e7dcf6e623c5c80f,116
update/vendor/composer/composer/tests/Composer/Test/Config/Fixtures/removeLink/conflict-to-oneOfEverything.json,85e100a73279ceaaa2fd3ebd600b1abe0f3687bc0d525e91f25d85d3927204b0,500
update/vendor/composer/composer/tests/Composer/Test/Config/Fixtures/removeLink/conflict-to-twoOfEverything.json,cbb5007088a14eec5658594987fa39b55ccce4dafb1b8386a895a1fdc2483505,801
update/vendor/composer/composer/tests/Composer/Test/Config/Fixtures/removeLink/provide-to-empty-after.json,b2568f57b731305e0a0ceb224f7e0d745737d9f045669ddbd08e049f1001edad,79
update/vendor/composer/composer/tests/Composer/Test/Config/Fixtures/removeLink/provide-to-empty.json,b041db38e7f10ec3139227291a01369ae96c21f17bf6c32236948acf92024287,121
update/vendor/composer/composer/tests/Composer/Test/Config/Fixtures/removeLink/provide-to-oneOfEverything.json,f8ae336db8922f1416ec1a2575db53374c905e5d979b4532f431954d37cd5d81,506
update/vendor/composer/composer/tests/Composer/Test/Config/Fixtures/removeLink/provide-to-twoOfEverything.json,2469b8597fc974f066dd86155c5135ebf47c915519ecce9ef87454290b0b523a,807
update/vendor/composer/composer/tests/Composer/Test/Config/Fixtures/removeLink/replace-to-empty-after.json,0cbe3facafb2b68f72c58702e48bbd19889666f36736d188f22402d7d85bdcbc,79
update/vendor/composer/composer/tests/Composer/Test/Config/Fixtures/removeLink/replace-to-empty.json,066b5538e08cca53011d4703a76f66bffa3f32e580efe9aaf086afea100e0a77,114
update/vendor/composer/composer/tests/Composer/Test/Config/Fixtures/removeLink/replace-to-oneOfEverything.json,129ecd14e02b95ea30fd676a4a203cd9bf9659fed5fca4fbe375d5cfb749b623,499
update/vendor/composer/composer/tests/Composer/Test/Config/Fixtures/removeLink/replace-to-twoOfEverything.json,cc564ff76167b57c5980b84153f35f9a172bca81b9f1e66f8376c0a32fbdfb74,800
update/vendor/composer/composer/tests/Composer/Test/Config/Fixtures/removeLink/require-dev-to-empty-after.json,13fae186b8d3cb875a837feae99bb92a933adcb4ddc99d5bb3f2e890deee3d28,83
update/vendor/composer/composer/tests/Composer/Test/Config/Fixtures/removeLink/require-dev-to-empty.json,0b62be1999663f4c1c3828ad3cbcdf04dfe361331fb6328b05ce37cac9ccb9b1,121
update/vendor/composer/composer/tests/Composer/Test/Config/Fixtures/removeLink/require-dev-to-oneOfEverything.json,5ef5deeab0a6b54573d8412bd7f86f76bb8a918c446ed2fcc80837262b42cdba,502
update/vendor/composer/composer/tests/Composer/Test/Config/Fixtures/removeLink/require-dev-to-twoOfEverything.json,5d56974412e5150ebe846187c848f9952581e4c5dea39273e091bbc7e5ed007e,803
update/vendor/composer/composer/tests/Composer/Test/Config/Fixtures/removeLink/require-to-empty-after.json,32b00fd8319f49dcf9929da651202055303d7469784360624937125dd35d5122,79
update/vendor/composer/composer/tests/Composer/Test/Config/Fixtures/removeLink/require-to-empty.json,a3833cfb5138dcf477d946d92cc1fca165079c9150c96b4b60de39b25ec6edea,111
update/vendor/composer/composer/tests/Composer/Test/Config/Fixtures/removeLink/require-to-oneOfEverything.json,7073954737bae0e141fa8d47965aa905a70d607972c7288cc981827888c31037,496
update/vendor/composer/composer/tests/Composer/Test/Config/Fixtures/removeLink/require-to-twoOfEverything.json,094c768d604016bfcb3281527b9bff9d60228538c9b44c1d9ce7dd2a1e2b7258,797
update/vendor/composer/composer/tests/Composer/Test/Config/Fixtures/removeLink/suggest-to-empty-after.json,3347837db482e9f97d7f86b74974cba82f27f0d208ff279c36f61be77789f807,79
update/vendor/composer/composer/tests/Composer/Test/Config/Fixtures/removeLink/suggest-to-empty.json,2ac5422b1bce730223e57d33eb5cd45ba7967ee093307ff10bac567ed4a412ec,126
update/vendor/composer/composer/tests/Composer/Test/Config/Fixtures/removeLink/suggest-to-oneOfEverything.json,da1037050b639c5e4232dad93281e406b5423dbd9cd92720964e2539508daa98,511
update/vendor/composer/composer/tests/Composer/Test/Config/Fixtures/removeLink/suggest-to-twoOfEverything.json,d57b87c23da0e65b6ecf34f81d530223fd5101af1ae3179d75d884991681fcc8,812
update/vendor/composer/composer/tests/Composer/Test/Config/JsonConfigSourceTest.php,7b039f9c11c358e0595083a79ad37e1680b18af809c737626f38c18193d27a90,10835
update/vendor/composer/composer/tests/Composer/Test/ConfigTest.php,d22500354fe0c551039d4ff5326e49bd3d086ddea90bd061fe9ceb2ae645d110,8677
update/vendor/composer/composer/tests/Composer/Test/Console/HtmlOutputFormatterTest.php,8332fb1403105dad1e199398617f65482f05082f5defb37db22dbf897f9bb158,995
update/vendor/composer/composer/tests/Composer/Test/DefaultConfigTest.php,498b8d869489c03c2ee16e6b6bd2139430852642f1b9deb83c157e96523dc85b,567
update/vendor/composer/composer/tests/Composer/Test/DependencyResolver/DefaultPolicyTest.php,eec48632fecd1ee7c17f5622369c5a290bd5165d238157272fee5df3c14d828f,9984
update/vendor/composer/composer/tests/Composer/Test/DependencyResolver/PoolTest.php,660522f1a4b67167c60d7e76cd61d52101cc2b1b0f8e616420ac8de59168e404,4248
update/vendor/composer/composer/tests/Composer/Test/DependencyResolver/RequestTest.php,47b89c67bb704ed088d2ba9118a1ac5d33628121eed2c559d6d705a55211b9e1,2267
update/vendor/composer/composer/tests/Composer/Test/DependencyResolver/RuleSetIteratorTest.php,381c1fbafc731dc103b33b4b9ceecc4dc2fd6eff7bca37e688d95525bb8e0bf8,1872
update/vendor/composer/composer/tests/Composer/Test/DependencyResolver/RuleSetTest.php,c6f91cbe53d4555039bd695d35b1ca36e8d2320f925a9e2badc4160238f516eb,5096
update/vendor/composer/composer/tests/Composer/Test/DependencyResolver/RuleTest.php,78bacc723a5f2c4b224570d72b868579aae6ab181d1d4b725f6a2307c7f73854,2947
update/vendor/composer/composer/tests/Composer/Test/DependencyResolver/SolverTest.php,56a3c6565b091fa36dc0188ee6c338390fe29057249c3311fc3dd0c30dea250a,34853
update/vendor/composer/composer/tests/Composer/Test/Downloader/ArchiveDownloaderTest.php,c52b02d6967979c77b117cb6265ddbba6cc7cffd02a87d2d2169fa8cc1ba88cf,6126
update/vendor/composer/composer/tests/Composer/Test/Downloader/DownloadManagerTest.php,9b1959d2cb55acb9898badfb9057b0b1e2e63e677a9f46d2a6bcfed9f3b449af,38751
update/vendor/composer/composer/tests/Composer/Test/Downloader/FileDownloaderTest.php,7cb89907fa43f452d6c747782ea163dce125882e7e2b148a0de195ddb6a4c824,7171
update/vendor/composer/composer/tests/Composer/Test/Downloader/Fixtures/Package_v1.0/package.xml,fd4c149136b43a40f8abbcff85c329a2ac9d7812339264840941d9f6c53a2b1a,916
update/vendor/composer/composer/tests/Composer/Test/Downloader/Fixtures/Package_v2.0/package.xml,ace84a23e2f81758044f24dcec73bfc3f9d331eb8f8f7ead49bb552d3bf09274,1076
update/vendor/composer/composer/tests/Composer/Test/Downloader/Fixtures/Package_v2.1/package.xml,e06c56ba96eed6513edd9864bd99d4d60795762ddb7228a83946093b01787061,1545
update/vendor/composer/composer/tests/Composer/Test/Downloader/GitDownloaderTest.php,9fd0fbebd9f14314fc3007bb943a36357d92d97e3f0843f6ff1eb1f8891d67fd,20263
update/vendor/composer/composer/tests/Composer/Test/Downloader/HgDownloaderTest.php,faeb8fdbdfc6736f14ee77aadc107a657c7e3a44a3af17c6de865c1673877e10,5895
update/vendor/composer/composer/tests/Composer/Test/Downloader/PearPackageExtractorTest.php,11e7d311cad618793b162aa4f7365c32ae1398ef118d4db5e1582bf7a6b618fd,5423
update/vendor/composer/composer/tests/Composer/Test/Downloader/PerforceDownloaderTest.php,e333fa7cb797f7c31db2d652c5c825741daf92232c64cb89774287a21765d044,6748
update/vendor/composer/composer/tests/Composer/Test/Downloader/XzDownloaderTest.php,71dfa2798239001cdff054fc636438f8a51c0d4b75a0930293f06ad01cee6061,2223
update/vendor/composer/composer/tests/Composer/Test/Downloader/ZipDownloaderTest.php,ecf235459b6d685bb04507d897429719afd2d4f72f413b210c944236936ec9b8,2501
update/vendor/composer/composer/tests/Composer/Test/EventDispatcher/EventDispatcherTest.php,774dfa1e732981eafb2b50311aa87556c72679690e09fd6fc4a4ca20bdc99090,12184
update/vendor/composer/composer/tests/Composer/Test/Fixtures/functional/create-project-command.test,a91576ad4b71b79aba90caad2b9bf721443351c65837593101b6fc27c3fe79d2,418
update/vendor/composer/composer/tests/Composer/Test/Fixtures/functional/create-project-shows-full-hash-for-dev-packages.test,54c56693ea59f2a7df9f1329b57fea110df1c9d723195dddfaf31b24731a3fdb,167
update/vendor/composer/composer/tests/Composer/Test/Fixtures/functional/packages.json,339e2aec8d949eded2e92a75ba0f7c7a2dae3738c423827d4bb412febff406a1,1072
update/vendor/composer/composer/tests/Composer/Test/Fixtures/installer/SAMPLE,b1c887cb9393a84d635d019190366269aabe16dd67e1ddef3a2796d95f06a747,403
update/vendor/composer/composer/tests/Composer/Test/Fixtures/installer/abandoned-listed.test,df799435cc9b8c146dbc7283cf184e526cf4e00b983e61d11e73576bcd04fa99,914
update/vendor/composer/composer/tests/Composer/Test/Fixtures/installer/alias-with-reference.test,0532c55d542cb3c91b8b54729a6da0cb9989adf571964184b6f9a03570a21eed,871
update/vendor/composer/composer/tests/Composer/Test/Fixtures/installer/aliased-priority-conflicting.test,ccda0e30673858bcf620a88149400696ad6929880b602aecaa2d7303b0a2d92c,1698
update/vendor/composer/composer/tests/Composer/Test/Fixtures/installer/aliased-priority.test,c5ed45173098b13d27e1c13fdbaf9a47fc75306417b02e4ab7ecd9cc7d2e6bcb,1968
update/vendor/composer/composer/tests/Composer/Test/Fixtures/installer/broken-deps-do-not-replace.test,b543fef774f741abfb4541aa68937453e0bda0b25006df81ba63c925ac261021,1438
update/vendor/composer/composer/tests/Composer/Test/Fixtures/installer/circular-dependency.test,c045af2a3184d95ce789ed4e7025a72bc0bbe4a457e0f5c6835ca205456057bc,1405
update/vendor/composer/composer/tests/Composer/Test/Fixtures/installer/circular-dependency2.test,b218a3630cdeb2d9696f9b37fd2261bd87ec4442fb923c67a185fd2c323677f7,951
update/vendor/composer/composer/tests/Composer/Test/Fixtures/installer/disjunctive-multi-constraints.test,66c550a9160069eeb01e5070533a9becb765cdeccfc2d1d00c017b50f315dd23,522
update/vendor/composer/composer/tests/Composer/Test/Fixtures/installer/github-issues-4319.test,cc4736b3ab87a87a0bfd34306f9900a3425ea582ea79a2886cd530b29462ee3f,1021
update/vendor/composer/composer/tests/Composer/Test/Fixtures/installer/github-issues-4795.test,c266cc9508e879ca4a8f0e4a7d02e18d3f24b3fd6e335240480d68e7ced8b039,1383
update/vendor/composer/composer/tests/Composer/Test/Fixtures/installer/install-aliased-alias.test,0d102bd3091edda1ff11d0473fd59b55d0e12b138b720a9b09e0b488a1d95018,990
update/vendor/composer/composer/tests/Composer/Test/Fixtures/installer/install-branch-alias-composer-repo.test,18399919c48b2d728053f4eafebc0572d80a7a38c22c15eef84d1dbc50849125,425
update/vendor/composer/composer/tests/Composer/Test/Fixtures/installer/install-branch-alias-composer-repo/packages.json,149476d67de5aa9e46df2254a94c40bb95cef8ad1a0c3c85fe9fe63b3d233566,671
update/vendor/composer/composer/tests/Composer/Test/Fixtures/installer/install-dev-using-dist.test,c4f6a2fb06e999a90c59cc3190a908acfef1fd89b9a976c8aa50112e8f16355c,1364
update/vendor/composer/composer/tests/Composer/Test/Fixtures/installer/install-dev.test,d5d088ff47be6271dc094dc05ba83ad19312ecb7b0bb5e19ef9e330bf778977b,454
update/vendor/composer/composer/tests/Composer/Test/Fixtures/installer/install-from-empty-lock.test,ad313067a717c98dba3583a473e904c78e9413b2357fae138c8ed3fa63bc2a73,743
update/vendor/composer/composer/tests/Composer/Test/Fixtures/installer/install-from-lock-removes-package.test,65f43fc99060b08a7b291ec91562ef08a793d79e68096551ad5b7475d7e8a35e,1325
update/vendor/composer/composer/tests/Composer/Test/Fixtures/installer/install-ignore-platform-package-requirements.test,bd3db0d69e9b936a2ec39873daf1d5712758257b30c016d0dc206a045d6f3264,455
update/vendor/composer/composer/tests/Composer/Test/Fixtures/installer/install-missing-alias-from-lock.test,ba654ac1308e9b0ccb31ccaad8551561102a56a28062665a3fe0946dd9d61070,1191
update/vendor/composer/composer/tests/Composer/Test/Fixtures/installer/install-overridden-platform-packages.test,7fe04831b29ed88c920fe6f83558c0ab25de78e9fa027bd29559079b1b224d8d,576
update/vendor/composer/composer/tests/Composer/Test/Fixtures/installer/install-package-and-its-provider-skips-original.test,37b92376012b2dc92b49114fdb7027e853dbdeae7bdbc606ae225d6c25bcb44a,497
update/vendor/composer/composer/tests/Composer/Test/Fixtures/installer/install-prefers-repos-over-package-versions.test,01675ddf916e4fb3050beb686b454ed4c89e541dfb3c58ee48b4e5b514e306cc,672
update/vendor/composer/composer/tests/Composer/Test/Fixtures/installer/install-reference.test,0a8ff0907d439b6c81f958c17785f56af2f7c624981cf5b3ae65b93253369f42,489
update/vendor/composer/composer/tests/Composer/Test/Fixtures/installer/install-self-from-root.test,38f9678d17118c2284528f9c0c06ec5a14b4852bdefc3320ef2f56194655c4af,374
update/vendor/composer/composer/tests/Composer/Test/Fixtures/installer/install-simple.test,92faa38dc8e7fe6e077201c21271ce44d523f6c6edc412a570566c7ee0b816b6,349
update/vendor/composer/composer/tests/Composer/Test/Fixtures/installer/partial-update-downgrades-non-whitelisted-unstable.test,b8859cee754406ec533b8d0650e3d72f1c5c8d5df15c3b6ea299eed0c51a189f,1968
update/vendor/composer/composer/tests/Composer/Test/Fixtures/installer/partial-update-forces-dev-reference-from-lock-for-non-updated-packages.test,c7d67d2ab2b715b93b701be673a41785a236ca1d158c4c04cfff757c3d3ff19a,3090
update/vendor/composer/composer/tests/Composer/Test/Fixtures/installer/partial-update-from-lock.test,2390d4a60112ea42d7579b5730c93b2085ceadd34b15751d696ac80bdb79c5af,2022
update/vendor/composer/composer/tests/Composer/Test/Fixtures/installer/partial-update-installs-from-lock-even-missing.test,6abb5dba8dba73faefce2b9a126e68a9e23b26de004957d4e28879db107b24e3,3641
update/vendor/composer/composer/tests/Composer/Test/Fixtures/installer/partial-update-without-lock.test,51893fce12fb2d2a8d0ea04f9af9be37cd21902f0fd1b28ab294130797bcd556,1556
update/vendor/composer/composer/tests/Composer/Test/Fixtures/installer/plugins-are-installed-first.test,ba63e05c94c4fc2f95f4dcd051ff09dbd427b132c0510ee4ebed62cf675b2979,1010
update/vendor/composer/composer/tests/Composer/Test/Fixtures/installer/replace-alias.test,6920771de97bc72bef5b6df3285261ef44d028ee271851536b904a1bf376904c,766
update/vendor/composer/composer/tests/Composer/Test/Fixtures/installer/replace-priorities.test,0383f9bf8f775e9d6144ef2e89e85124ad410afc8e7fa4acfefa347f8292d642,931
update/vendor/composer/composer/tests/Composer/Test/Fixtures/installer/replace-root-require.test,fe5935d558e4b66e5bafe2deaa8eb55546daa1f76df90f5702fa515b02ca0341,573
update/vendor/composer/composer/tests/Composer/Test/Fixtures/installer/replaced-packages-wrong-version-install-from-lock.test,f41829338e54b9e8da8159d6422d159c44300a7ba19df24ceb983cdda9dccf24,1192
update/vendor/composer/composer/tests/Composer/Test/Fixtures/installer/replaced-packages-wrong-version-install.test,9b13c66b1fa042cc1410f055d89e055ed5f844a7dc2fc80f40e603f1cd12fb12,1168
update/vendor/composer/composer/tests/Composer/Test/Fixtures/installer/root-requirements-do-not-affect-locked-versions.test,1cfd0fe1c83caae09404d694e7c7c445b9a4ac6cf3b0ce6acbfde9281137e67d,940
update/vendor/composer/composer/tests/Composer/Test/Fixtures/installer/suggest-installed.test,b9672a1aab455339df7f1c151d28d9bdbeb5b2248055f1380ebda423ee77ff66,659
update/vendor/composer/composer/tests/Composer/Test/Fixtures/installer/suggest-prod.test,e0dfd104d46704ec70cb3d60c60a70d4b864d47d4cf3cc06a69971f094f3e052,535
update/vendor/composer/composer/tests/Composer/Test/Fixtures/installer/suggest-replaced.test,6cc26418bb96cb0f0ac2d86e8a5e5196c01a85d4ce55830f147bcc1bc59be422,728
update/vendor/composer/composer/tests/Composer/Test/Fixtures/installer/suggest-uninstalled.test,3350db8d3af4d5be6258522c89a239df997ba7381e260fc3f52bc219d012921a,578
update/vendor/composer/composer/tests/Composer/Test/Fixtures/installer/update-alias-lock.test,2a5713f8569d8543206754f83f8a5eab40ae56809b4acd26cd9fa4f9c289d0da,2171
update/vendor/composer/composer/tests/Composer/Test/Fixtures/installer/update-alias.test,915e2f3e171e2ae90a719d8791598b8d93a096ec3ea7e31d0212e987d2f748ae,1045
update/vendor/composer/composer/tests/Composer/Test/Fixtures/installer/update-all-dry-run.test,0bc0bd15040e6576b135b71256f9b7dccd455ce05c06b839125ae48f520006e6,999
update/vendor/composer/composer/tests/Composer/Test/Fixtures/installer/update-all.test,85b529af495bbab13a9c54c905459586a7cd2770ec6138f163ccb0677674097c,973
update/vendor/composer/composer/tests/Composer/Test/Fixtures/installer/update-dev-ignores-providers.test,5c03c342c80e2f2ab17409b12e413e4136e1d77af73661c39bb9b7e323ae43a4,1040
update/vendor/composer/composer/tests/Composer/Test/Fixtures/installer/update-dev-packages-updates-repo-url.test,d00531881c5ced0c6ce98df87e56851bd39a2be9ad7374610dc4ccc6c598cfd7,3024
update/vendor/composer/composer/tests/Composer/Test/Fixtures/installer/update-dev-to-new-ref-picks-up-changes.test,ade8821dccf2652cb3c70f7012db2c61371e40fb61e86f00262a97be23cbaf79,1142
update/vendor/composer/composer/tests/Composer/Test/Fixtures/installer/update-downgrades-unstable-packages.test,a8087fb077b615a82f8c89e40ca2865beb35344d15ba2bda6112a8332c926014,1532
update/vendor/composer/composer/tests/Composer/Test/Fixtures/installer/update-ignore-platform-package-requirements.test,e00f11de516ac2bc52f167b4a0c189565d4bb6c50304f55873edef8b87a7a6d4,513
update/vendor/composer/composer/tests/Composer/Test/Fixtures/installer/update-installed-alias-dry-run.test,16913c83810c25071dd2d2e429c8d1332277fd10a37defd1018b36e9df63e123,1324
update/vendor/composer/composer/tests/Composer/Test/Fixtures/installer/update-installed-alias.test,bc4d7163d9b0bdf6dda7331b2fab298aefe6209abfcd5fc8f2f6d88768b6e97f,1298
update/vendor/composer/composer/tests/Composer/Test/Fixtures/installer/update-installed-reference-dry-run.test,d20adcc253522bfacacb9ed1f12c6438a2184337127704c54e442d14d15b7ae2,780
update/vendor/composer/composer/tests/Composer/Test/Fixtures/installer/update-installed-reference.test,98720275dff53240d5c29095e9f714ae7bc9d530ab17325af100f197fc10b3d8,754
update/vendor/composer/composer/tests/Composer/Test/Fixtures/installer/update-picks-up-change-of-vcs-type.test,6964ac85e7da33290d24feb4805bc93dc208411078c50b2dc77d132f51e61cc1,1286
update/vendor/composer/composer/tests/Composer/Test/Fixtures/installer/update-prefer-lowest-stable.test,4b8c4df811dd384e731764481d468fc33f47c757eefd030deb2fe20c58211e6a,1040
update/vendor/composer/composer/tests/Composer/Test/Fixtures/installer/update-reference.test,81811ac7332c6f9c81b835438ca2587ca5321f727a4d5cb762b443fc632be2ed,661
update/vendor/composer/composer/tests/Composer/Test/Fixtures/installer/update-whitelist-locked-require.test,b19dc03d190f501627858071681042a2354f3666398537328139724697d3a882,1580
update/vendor/composer/composer/tests/Composer/Test/Fixtures/installer/update-whitelist-patterns.test,9453fbca6a85fec73b966d9b28310f8f56beb015c0466dc91a03b72fddb871fe,1784
update/vendor/composer/composer/tests/Composer/Test/Fixtures/installer/update-whitelist-reads-lock.test,b31196535949a390bba000cee62eb4936b4915ce385f54088401fbdb26c153e0,1507
update/vendor/composer/composer/tests/Composer/Test/Fixtures/installer/update-whitelist-removes-unused.test,5864acb6b24056172fc66ce7d58e1396aff510146bb4ae10371a83bad50837f6,1081
update/vendor/composer/composer/tests/Composer/Test/Fixtures/installer/update-whitelist-with-dependencies.test,19912d0a6387b49fabb28732f3816dd987074d2f814cd635aa30761646b429bd,1675
update/vendor/composer/composer/tests/Composer/Test/Fixtures/installer/update-whitelist-with-dependency-conflict.test,b603f10d6a5808a157484400c6d3950798a681af432178af0e3aa4af41ef1eb3,1535
update/vendor/composer/composer/tests/Composer/Test/Fixtures/installer/update-whitelist.test,a0489569bdcbfb884386cb419ebe54c6589f601af6278f2ecc5360a359018a97,1576
update/vendor/composer/composer/tests/Composer/Test/Fixtures/installer/updating-dev-from-lock-removes-old-deps.test,09a27927de16f9010d639a28b0036a65af5c56ceef089fc0a8b2d6491fde9a85,1088
update/vendor/composer/composer/tests/Composer/Test/Fixtures/installer/updating-dev-updates-url-and-reference.test,0f12e0b57379d800e5e6c71b43dbcbc32723261bcaca0e3d7ca38b58434b61b9,1893
update/vendor/composer/composer/tests/Composer/Test/IO/ConsoleIOTest.php,3931dc0eaae2365be39404669ff16a25d3bbb82b1a95551eff7aeacd2b4a525e,12349
update/vendor/composer/composer/tests/Composer/Test/IO/NullIOTest.php,e99ce25dfc412cfcf2e1573b2817a00e2cf77a05ad010362115fdf2b7d90a230,1769
update/vendor/composer/composer/tests/Composer/Test/Installer/InstallationManagerTest.php,122ad5dcd0aaf8a543027a176aff6349d7b9ce54628d885a096bbb7ba9f97435,7896
update/vendor/composer/composer/tests/Composer/Test/Installer/InstallerEventTest.php,b1a295e86ba1a48a53d4404fa6dca25215d9009d6505f68aae62c3ff44dace52,1959
update/vendor/composer/composer/tests/Composer/Test/Installer/LibraryInstallerTest.php,078f97f76a25b74b81424d5b1e7613429c9be2dd3118af4b3c7979fc9e0837ff,8251
update/vendor/composer/composer/tests/Composer/Test/Installer/MetapackageInstallerTest.php,caa8d70adb6f6c20acc3a6ad7f64d96b70cb874f99556f29c7aed71beab1ee83,2680
update/vendor/composer/composer/tests/Composer/Test/InstallerTest.php,70dce4cef3147757d401bd481089fac6e65e2d2c84b9719bb5582b2e6bb2ffb1,14990
update/vendor/composer/composer/tests/Composer/Test/Json/ComposerSchemaTest.php,03eda97d31a17e3fb4d7411709689702afbb7255f0f0fc9812c6c980ecf04548,3947
update/vendor/composer/composer/tests/Composer/Test/Json/Fixtures/composer.json,d1d1d92a0598819ac2c3c1a33f571c20e5625c8d524e3018c1fdab7bfa11ba19,1667
update/vendor/composer/composer/tests/Composer/Test/Json/JsonFileTest.php,50489be0d0386037ab8c450621b93cb5f6e52f7b0684ceaadc61c8376bb30d86,6024
update/vendor/composer/composer/tests/Composer/Test/Json/JsonFormatterTest.php,2cca8fae9dfedada6903e3bf0ad31d8c1ab265f6e320731ecb03b242dc390f07,1304
update/vendor/composer/composer/tests/Composer/Test/Json/JsonManipulatorTest.php,e9dbb59deac22d6cdd5f213960a5a73f2db8c3181b19d2c24d0c0b09df20f794,24067
update/vendor/composer/composer/tests/Composer/Test/Json/JsonValidationExceptionTest.php,1b70caafc6a2561d8d642253dc7a7774aec72ec1b69b079131076cb642b53908,1071
update/vendor/composer/composer/tests/Composer/Test/Mock/FactoryMock.php,ea92f7f166dd6ae930405038148a40538f1f6a088fb6374a43e426c3097cda53,1356
update/vendor/composer/composer/tests/Composer/Test/Mock/InstallationManagerMock.php,0c4e520f75801af1edea78874a1c7bcfd6b1ca9dc29fd67cdbb18f221b097016,3069
update/vendor/composer/composer/tests/Composer/Test/Mock/InstalledFilesystemRepositoryMock.php,e876f87e9998019eddf3fb120cdb4aa6ce1dda430c495b2dfc5ef8012ce6ab19,519
update/vendor/composer/composer/tests/Composer/Test/Mock/RemoteFilesystemMock.php,d2c6d3f9402733cda3392f7abf9788aa31dc672c556eabf24da1747370be209d,987
update/vendor/composer/composer/tests/Composer/Test/Package/Archiver/ArchivableFilesFinderTest.php,236102ca71b3f9f6cd4ad24bbfcdabc81a43ebd4c1782ebc488b111767823a94,8577
update/vendor/composer/composer/tests/Composer/Test/Package/Archiver/ArchiveManagerTest.php,8145d001f3b668916398eb8df4a1f05b1b72bf9faa5b8967e03302cb91430437,4068
update/vendor/composer/composer/tests/Composer/Test/Package/Archiver/ArchiverTest.php,5451565ddcc310ec3a1d0e62825bf742a3962eab969e5fe6423f0625bc134768,1450
update/vendor/composer/composer/tests/Composer/Test/Package/Archiver/GitExcludeFilterTest.php,b5812dffee208866f3b6eb012ce71e93f806d08df3edf7c62e5ca15acf46b1f8,1015
update/vendor/composer/composer/tests/Composer/Test/Package/Archiver/HgExcludeFilterTest.php,8733c28383020b345dc192db8aa27e44f63db3703fa1a2a6aa29e362f3368203,1071
update/vendor/composer/composer/tests/Composer/Test/Package/Archiver/PharArchiverTest.php,878c95df95948b11a905031e1d43cc3cda8342543b6a76ec05b9209b5b9a50c6,2343
update/vendor/composer/composer/tests/Composer/Test/Package/Archiver/ZipArchiverTest.php,52f95438d702226c0a28f8908927d14a0cf7dbd24bb4131dbb32cc789c553b6f,1923
update/vendor/composer/composer/tests/Composer/Test/Package/BasePackageTest.php,5db5827e5d416a957ce6528f4bd3e915dab09da33ccbadf7e2819637fd04e0aa,3151
update/vendor/composer/composer/tests/Composer/Test/Package/CompletePackageTest.php,0fc059c4e0db33bf6755fa958702bf2d6969b6a7c985533c6398923e115536a9,3299
update/vendor/composer/composer/tests/Composer/Test/Package/Dumper/ArrayDumperTest.php,927b3c2ae74c8b6d9ef46f584bdcd3814d39f42f30ee0f01b56ad58c9fae1798,7699
update/vendor/composer/composer/tests/Composer/Test/Package/Loader/ArrayLoaderTest.php,9adb1d06b051c5d20405440e996bd2db535abbe541c0e1b11e72646697c86543,7741
update/vendor/composer/composer/tests/Composer/Test/Package/Loader/RootPackageLoaderTest.php,03b4715add1c7b5c3e4f5e5c3d457d263e18389639ce2e880f15ad878c7ef91d,6352
update/vendor/composer/composer/tests/Composer/Test/Package/Loader/ValidatingArrayLoaderTest.php,7063a335d0b85f78e0a310b1ea7888c48ded29e192981307c0e346ac406dc3b9,12750
update/vendor/composer/composer/tests/Composer/Test/Package/LockerTest.php,53adb303eff5722077b26b13684ab7011add351675c361364159872e9791da45,9424
update/vendor/composer/composer/tests/Composer/Test/Package/RootAliasPackageTest.php,c179cb99f7c20b879ddecc4c84677753cda0590413451d15f7998cb9ea98d7aa,3423
update/vendor/composer/composer/tests/Composer/Test/Package/Version/VersionGuesserTest.php,b7859334fafb8ee8eba4f09220141b6d45fae84e19394093e04cf44eecb0c188,5535
update/vendor/composer/composer/tests/Composer/Test/Package/Version/VersionSelectorTest.php,67598391f86238374edd3f2b94aaf436e1c39dcc879a8ee3ac22ff5df2688aca,8779
update/vendor/composer/composer/tests/Composer/Test/Plugin/Fixtures/plugin-v1/Installer/Plugin.php,f1fa94b66e39f4c94019af5721498d1349e6ddd9aacd9d745482cf1177afefd4,280
update/vendor/composer/composer/tests/Composer/Test/Plugin/Fixtures/plugin-v1/composer.json,0c4e7897868069d6374b6495ec386f345769f669203b9cf2e33023ca005cf5a0,254
update/vendor/composer/composer/tests/Composer/Test/Plugin/Fixtures/plugin-v2/Installer/Plugin2.php,ac2c3953ad33b2c06d68043fbd83842267603d59164a4e69d8ab8db0d39bef85,281
update/vendor/composer/composer/tests/Composer/Test/Plugin/Fixtures/plugin-v2/composer.json,f6960a9cdc4199902cf84763f4c2208dba2894d555fe88fe5e3babf71e1f96fc,255
update/vendor/composer/composer/tests/Composer/Test/Plugin/Fixtures/plugin-v3/Installer/Plugin2.php,8b5ad321568a8ac4f95283866ebdd8572d3fa2a885d8e1be9674d132b039effb,281
update/vendor/composer/composer/tests/Composer/Test/Plugin/Fixtures/plugin-v3/composer.json,75312aac2f6113f72bf117301d080eb22fa6f7c1f5892434f69cea778f1bf75d,255
update/vendor/composer/composer/tests/Composer/Test/Plugin/Fixtures/plugin-v4/Installer/Plugin1.php,b88e108ce72942e17ff160213046ac2467351aee3f748a6eac44f86635540a02,311
update/vendor/composer/composer/tests/Composer/Test/Plugin/Fixtures/plugin-v4/Installer/Plugin2.php,1f5c0aa2149080619a6fb934e625b812d75d619faea7982a40354a111b94967d,311
update/vendor/composer/composer/tests/Composer/Test/Plugin/Fixtures/plugin-v4/composer.json,26f7001e9a1875c0a2bd4334b7d7af35343cfdb73d0106fee25441bc604853ba,313
update/vendor/composer/composer/tests/Composer/Test/Plugin/Fixtures/plugin-v5/Installer/Plugin5.php,f053efbdc38c8fbad77259d8e3d6476b0fc676ce420db69e322ad60bfdf01b46,242
update/vendor/composer/composer/tests/Composer/Test/Plugin/Fixtures/plugin-v5/composer.json,780c100a270b28a8afc68c2200e724106d7e7dea916b5febf9f87c9adbf4c86d,252
update/vendor/composer/composer/tests/Composer/Test/Plugin/Fixtures/plugin-v6/Installer/Plugin6.php,8e868d565ecb22f78b656adb44c352b7e64ad7754152ea26ed50ff83465c5284,242
update/vendor/composer/composer/tests/Composer/Test/Plugin/Fixtures/plugin-v6/composer.json,967bccf56e8330f28ddd137c1148642a1a54dceeede5196b48014978742eb7a5,255
update/vendor/composer/composer/tests/Composer/Test/Plugin/Fixtures/plugin-v7/Installer/Plugin7.php,ac031e3f47d03dc0026b87686803856e0f127674bfee7fb9bdbf353f1fdb4841,242
update/vendor/composer/composer/tests/Composer/Test/Plugin/Fixtures/plugin-v7/composer.json,9b074e767fc86c9eae9c2bc24b98fa6c594a5ff7c642a0b5f8e7088a58b77943,263
update/vendor/composer/composer/tests/Composer/Test/Plugin/Mock/Capability.php,08c031fb3a3de86b2ee53494fb6a208a39e286b5a21abf454acd5bba6bd15211,483
update/vendor/composer/composer/tests/Composer/Test/Plugin/Mock/CapablePluginInterface.php,a2cf839735559deb0a4b6677f72ca5c826701806a0445c7f976efa2808747d8b,444
update/vendor/composer/composer/tests/Composer/Test/Plugin/PluginInstallerTest.php,1585306f55990247ef984b988005a68502b71c06ac7e824d8feace509b8469ad,13765
update/vendor/composer/composer/tests/Composer/Test/Repository/ArrayRepositoryTest.php,e64ec67e89c386f5e3d02bc165a1e1218e6fe4a4bc58afe0639b7d42463b3db6,2420
update/vendor/composer/composer/tests/Composer/Test/Repository/ArtifactRepositoryTest.php,fa7ba9a05e37b17069e0b901bf6da6e739aef574aaa3342716307d1d1a1c9d11,4105
update/vendor/composer/composer/tests/Composer/Test/Repository/ComposerRepositoryTest.php,5bce0b20cbbb6aae7cafaeeee59630ca680eae75298a25f31a689ff3634b1c09,5864
update/vendor/composer/composer/tests/Composer/Test/Repository/CompositeRepositoryTest.php,a6d1ba6ffa023d66b13eb4854eb3bdc205dc4209b1017bcf1439895a765d0b1c,6250
update/vendor/composer/composer/tests/Composer/Test/Repository/FilesystemRepositoryTest.php,1cebcfbeaebec0cdab2bad1c9bcfe015a5f783bb7834c78c5df9a82105bf9bb1,3045
update/vendor/composer/composer/tests/Composer/Test/Repository/Fixtures/artifacts/composer-1.0.0-alpha6.zip,c8491a1480e34ec5d096c572f1c91740e0fbdacfcc0a08ba1f95e896c0fee83e,5227
update/vendor/composer/composer/tests/Composer/Test/Repository/Fixtures/artifacts/jsonInFirstLevel.zip,e118489a3e85e3223266fea305a04ca3db9427555b1d265ed8cc3665d153458d,542
update/vendor/composer/composer/tests/Composer/Test/Repository/Fixtures/artifacts/jsonInRoot.zip,de67ced8d001a7275af8fa33a030993d4fc7a464ca634eb6a2c464ae5401eb99,522
update/vendor/composer/composer/tests/Composer/Test/Repository/Fixtures/artifacts/jsonInSecondLevel.zip,bc2a4e20897630ed24f214e2c3c0d88fdc70f12790f3ee4a9a2543b35824322c,805
update/vendor/composer/composer/tests/Composer/Test/Repository/Fixtures/artifacts/not-an-artifact.zip,3c1d4080319600c15cdcd5af3621f23473511dc3b42874249df7824f75cb0cd1,4140
update/vendor/composer/composer/tests/Composer/Test/Repository/Fixtures/artifacts/package0.zip,8305fab13e138339b20ce94a94cdec8093325e12a37d9f22e060ad722ef8c531,234
update/vendor/composer/composer/tests/Composer/Test/Repository/Fixtures/artifacts/package2.zip,c93f3b9b6dfd7b3f324a602c50a999eb06f7f0c0f4446fc5ed42cd069a61e073,234
update/vendor/composer/composer/tests/Composer/Test/Repository/Fixtures/artifacts/subfolder/not-an-artifact.zip,3c1d4080319600c15cdcd5af3621f23473511dc3b42874249df7824f75cb0cd1,4140
update/vendor/composer/composer/tests/Composer/Test/Repository/Fixtures/artifacts/subfolder/package1.zip,09368bd44ec840b43bd7c9eade2183cac7632240e5a5fc2324a33feff0ae593d,191
update/vendor/composer/composer/tests/Composer/Test/Repository/Fixtures/path/with-version/composer.json,6d23bf8294585e6eb299ad74467a168302464d0a227c1637895ce1cf343a8932,57
update/vendor/composer/composer/tests/Composer/Test/Repository/Fixtures/path/without-version/composer.json,e9296a74ed769f5d11e987853f6b494dcae655694bb1ca7bbddbd7a80d1847d2,37
update/vendor/composer/composer/tests/Composer/Test/Repository/PathRepositoryTest.php,fc4b74cfc1bc9f94166dfd98cff883f81625553ee01c38e1c2f011941a96acb0,4025
update/vendor/composer/composer/tests/Composer/Test/Repository/Pear/ChannelReaderTest.php,b626ec685506d4d2188906cc44f293543e8996a928605549e511a362190b7e74,6438
update/vendor/composer/composer/tests/Composer/Test/Repository/Pear/ChannelRest10ReaderTest.php,94015c3c0e74bad80dc0e6ff2045a92fb4544bea8dbbf4a5288abe5731a7201a,1938
update/vendor/composer/composer/tests/Composer/Test/Repository/Pear/ChannelRest11ReaderTest.php,47afbea53cc33f329e6374a169d783d09a51260502d85afe5b219ed281e1d085,1321
update/vendor/composer/composer/tests/Composer/Test/Repository/Pear/Fixtures/DependencyParserTestData.json,69f892e7b35f15c0921b2fece00fbeca967e1103f5d801896e40e588b5272481,4158
update/vendor/composer/composer/tests/Composer/Test/Repository/Pear/Fixtures/Rest1.0/http_client_allreleases.xml,2e9d1c71420b6a0b47fe6022541fc7a49d3a7a5dc13f7f019737869a971ebec0,404
update/vendor/composer/composer/tests/Composer/Test/Repository/Pear/Fixtures/Rest1.0/http_client_deps.1.2.1.txt,33f4bc60968066e98ce62686d91aed4bf9f05a7099f9fda39f4187d3a8ceabbd,216
update/vendor/composer/composer/tests/Composer/Test/Repository/Pear/Fixtures/Rest1.0/http_client_info.xml,54503829324a1f639d21b33be2e5cd0a7c4edd15b029540e0df37962e1338241,953
update/vendor/composer/composer/tests/Composer/Test/Repository/Pear/Fixtures/Rest1.0/http_request_allreleases.xml,4c6efb1bc1e8946f6a5f937821c2de90274309a02099c1a6287f757279ebbd3b,405
update/vendor/composer/composer/tests/Composer/Test/Repository/Pear/Fixtures/Rest1.0/http_request_deps.1.4.0.txt,61b890784732120b869c729bb1780f6e20e3fd5601311ec25d986fe5f975d836,318
update/vendor/composer/composer/tests/Composer/Test/Repository/Pear/Fixtures/Rest1.0/http_request_info.xml,3092d987f3dbe78bd188234244023cd02139c77260b5adc466278811946dade0,638
update/vendor/composer/composer/tests/Composer/Test/Repository/Pear/Fixtures/Rest1.0/packages.xml,3d78e1df70fa6fb8346a57945dcacfe2ce2be956dd25756b438ccb32230fdf10,368
update/vendor/composer/composer/tests/Composer/Test/Repository/Pear/Fixtures/Rest1.1/categories.xml,896dfc222272af3825343ca44e693d8e68f1d7c8ec2b09b9d4ec9b6a84b137ae,386
update/vendor/composer/composer/tests/Composer/Test/Repository/Pear/Fixtures/Rest1.1/packagesinfo.xml,667d6b5b86eff53afb8a589964eecc87b5bbd1778506a5b0a201687e09539f8a,8359
update/vendor/composer/composer/tests/Composer/Test/Repository/Pear/Fixtures/channel.1.0.xml,8780eb22d16664d2650a0e5eccf1cb1e49f8f2708719353290fd0ca507065718,516
update/vendor/composer/composer/tests/Composer/Test/Repository/Pear/Fixtures/channel.1.1.xml,20df31e69c3495344f39316cfd2218c4a8e5576211e2bf0d2a9b029151a6eb0d,516
update/vendor/composer/composer/tests/Composer/Test/Repository/Pear/PackageDependencyParserTest.php,15a118c456397a0869c5a3fb4a6c1d5b2152436f98dc825d4612b63998c11b75,1782
update/vendor/composer/composer/tests/Composer/Test/Repository/PearRepositoryTest.php,38432493aec22e426be72d72c36399754f6b8e9714f7f1e2d8a2fe82f276b0a5,4397
update/vendor/composer/composer/tests/Composer/Test/Repository/RepositoryManagerTest.php,2aad06725eb6aa2cafd74f25a317447663119aeb8ca7fcd64dd7521da4278690,3807
update/vendor/composer/composer/tests/Composer/Test/Repository/Vcs/GitHubDriverTest.php,c888b6ea729587b3849ed8a95544f0bba854f8c54b9c082977973fedb981c52f,12380
update/vendor/composer/composer/tests/Composer/Test/Repository/Vcs/GitLabDriverTest.php,a3cd34c5095db4c6a0def0ce6d9dd1caeb2330a4661dbe0dc926c6cb110bc6cf,8617
update/vendor/composer/composer/tests/Composer/Test/Repository/Vcs/PerforceDriverTest.php,44a31c660cefd137421f24a1c1b1f3aaaf78488ef1acb450df35a3ee7f87d8c0,6240
update/vendor/composer/composer/tests/Composer/Test/Repository/Vcs/SvnDriverTest.php,95393faae2e3b3252e653c08de7932f56205aed77f06e36dd6910601e42a35cd,2708
update/vendor/composer/composer/tests/Composer/Test/Repository/VcsRepositoryTest.php,8b053d37a5c35856965cc23ca4ac2b3856569cc93f9b232ba0d4a0d5b64092b7,5032
update/vendor/composer/composer/tests/Composer/Test/Util/ConfigValidatorTest.php,5919d0427fd1daa8d999d1b6d4c31b4bbca6b8a9791dc8fdd37ff90a7635a84e,979
update/vendor/composer/composer/tests/Composer/Test/Util/ErrorHandlerTest.php,1cd7bd0f6d04e0e290bc640408f487cfa9c6ab6811a17aa32e95024e52bd05a8,1215
update/vendor/composer/composer/tests/Composer/Test/Util/FilesystemTest.php,3a1f8d8d966003f1ae6b752b27d81038617f51f1a5457aa9c9d3a1984bfdb844,12215
update/vendor/composer/composer/tests/Composer/Test/Util/Fixtures/composer_commit-ref.json,959876a518886bdf8b37f848b80f7ed4f7ce8964a5375ce5eca007573ed680a2,71
update/vendor/composer/composer/tests/Composer/Test/Util/GitHubTest.php,0e70e7df7425661d9129493a2c77af5053950b5f2253d6c7714c7848561dad41,4718
update/vendor/composer/composer/tests/Composer/Test/Util/GitLabTest.php,f6f7974ff3bfebed9d58e73a0575840a07997dcb51b711e8cac8546d7f64426f,4265
update/vendor/composer/composer/tests/Composer/Test/Util/PerforceTest.php,b93f92381a782dcc17a8274d7e40821b36b7d7f29e365b1a15f349fe6e9c978f,25640
update/vendor/composer/composer/tests/Composer/Test/Util/PlatformTest.php,7457895592cc6d82579288275d7bb829bdc9d574af00535a7b7c854ac4c50c40,768
update/vendor/composer/composer/tests/Composer/Test/Util/ProcessExecutorTest.php,3aa3eb749c380abc95e56e7385ad21ab16c1aa788a3c956dfa40dfe0be8fe9c8,1840
update/vendor/composer/composer/tests/Composer/Test/Util/RemoteFilesystemTest.php,f6b50e29d67c8c67e90a579fc3ba9e68d9e8f19ca2547c2f25e006b3f16ebb71,7924
update/vendor/composer/composer/tests/Composer/Test/Util/SilencerTest.php,6442b146e9f5e234089ff6b57b7a5bc8cd2742ca1672f6b4e87932854ea96bf1,1634
update/vendor/composer/composer/tests/Composer/Test/Util/StreamContextFactoryTest.php,f259cc9530d3d256f294584137127e285a515c6973d1a28999602be802c47818,9193
update/vendor/composer/composer/tests/Composer/Test/Util/SvnTest.php,0ccbe91f47ce67d178157dd7b9171cf3dd43d2dece54451fb45428ba477ef88b,4236
update/vendor/composer/composer/tests/Composer/Test/Util/TlsHelperTest.php,bac37ae2c103777fc2ed4bbd9eb21f8f961fcf4dfacdd1252156d48b5f50cf91,3384
update/vendor/composer/composer/tests/Composer/TestCase.php,c331b553a95257eed7fa90b9eae964d904ab2ebbd04799f51f462232534b9e64,2220
update/vendor/composer/composer/tests/bootstrap.php,b9a46260011868725a537ba799238b7178b8e95ce69119868e47f3e7bcb5979e,541
update/vendor/composer/composer/tests/complete.phpunit.xml,b8a90a30c3954c1c72144063371a917f9e2baa1b5c24229d4560d0ad5ce92cbe,897
update/vendor/composer/installed.json,9650e30e5f9298e2a5c79f5937366bf67474f4b0d150edbe7ac2bbd3bf615914,24994
update/vendor/composer/semver/CHANGELOG.md,6aead8c6a0f59da1d95d8ba937bbea3cca268d215377dbe54e5a8ead9755a4eb,2685
update/vendor/composer/semver/LICENSE,6bb16991cf366c84116c5f6a4d5078f7113ebc47d1f245ea9b57b8c10abd7479,1052
update/vendor/composer/semver/README.md,9701009f9340d13eb513ec02aa51ef2dcef11aee405bcd5b66b5069c32b5d767,1621
update/vendor/composer/semver/composer.json,abe6c6835038beb9e3156fd2a1c67500e4728f096ce0a0463691a9f9d044b4f3,1405
update/vendor/composer/semver/src/Comparator.php,e47414e7fc99b1a2b11dd65b6f5cf1fad3358f4f7ee3735c2f48423c4e020cda,2555
update/vendor/composer/semver/src/Constraint/AbstractConstraint.php,21f636db4aab867e5b5c291d3d10bd0dcfe8317fc0da8c6ba30919b75726d93c,1623
update/vendor/composer/semver/src/Constraint/Constraint.php,ca217b7594c12383b90be38c3f6be8c53940fd5cf33d68068a493e97ec0a9c0f,5974
update/vendor/composer/semver/src/Constraint/ConstraintInterface.php,725c0ab7978ebf2b93fda9dde5cd2062e0ea60d03ac00782b1c64a3284a8b3ce,606
update/vendor/composer/semver/src/Constraint/EmptyConstraint.php,55450a921e3a57ff4e741cd1a880d3fa151a48f3a82647a3188bd0d1d41b73ab,1080
update/vendor/composer/semver/src/Constraint/MultiConstraint.php,2fae1cb378f991fa22e1f73e03e5354a160295ada5216db2d97e9d52dfd460e9,2598
update/vendor/composer/semver/src/Semver.php,b039b608e69486ef4a9174b7a94a242485b7268fe0045f7aaaaf919f7ecaad1d,3202
update/vendor/composer/semver/src/VersionParser.php,abd1fbc52857958751043fa910d5859bae219e0563e356ac6059eca38b39f212,19603
update/vendor/composer/spdx-licenses/.php_cs.dist,f0b65e11bf5e5386cd9f1c90691b7d60a304609aef838ce53a2404835a906b4a,1895
update/vendor/composer/spdx-licenses/CHANGELOG.md,87887e5713b9684d56c65c4a5dda8ec3257083892df606a845ef68694cc75984,1731
update/vendor/composer/spdx-licenses/LICENSE,6bb16991cf366c84116c5f6a4d5078f7113ebc47d1f245ea9b57b8c10abd7479,1052
update/vendor/composer/spdx-licenses/README.md,df9435a3a82f280cb0a54d7c71c2dbec9fd8866bffd231e7bedf62f90e2d86b9,1596
update/vendor/composer/spdx-licenses/composer.json,5659a2fdd23831cc9c89397f634cfbffd7c400e0a342baf6b4caf0df525fdd66,1351
update/vendor/composer/spdx-licenses/res/spdx-exceptions.json,564986413f367a58aa5dfdde20030666ea1f038a16f6bb99ec91d8839f74a5cf,1773
update/vendor/composer/spdx-licenses/res/spdx-licenses.json,4b0b8c4f14de84f24124088ca6dfe0ec959376e7b0ec160500a4808fd66606cc,25455
update/vendor/composer/spdx-licenses/src/SpdxLicenses.php,204f5bb77e452e52a77fa13c80245ddf65162821be9c605b359a3d018e4017fc,7885
update/vendor/justinrainbow/json-schema/.gitattributes,6fb62db4682195e2a8f3d8be55eb503ad9adcea333d6239af605f8721666c75d,170
update/vendor/justinrainbow/json-schema/LICENSE,90ee6d422f242e2bf517a6297e8df681330255d488d9dfa9aee5e442ca9135f2,1527
update/vendor/justinrainbow/json-schema/README.md,52643b4b54afc27d4c576e66aa2158d46f7fa3e17abb031a13d8c8903e728e5f,1783
update/vendor/justinrainbow/json-schema/bin/validate-json,060684d82f245b331461306257cb444d70c59343382bb82457185ac497bf9987,6558
update/vendor/justinrainbow/json-schema/composer.json,cb437b059dd140d9ae8dc55a0072c570ab756ee2f428abbc1c88dbc44547c918,1586
update/vendor/justinrainbow/json-schema/phpunit.xml.dist,f89bc078f8a28355ab54d04b7c507149ffa3b989e8f4bc8837e8073dafc8af95,704
update/vendor/justinrainbow/json-schema/src/JsonSchema/Constraints/CollectionConstraint.php,205457551d7836af8e9cc573f3845e31904875a358cc6fd807df3cb41093b66b,4554
update/vendor/justinrainbow/json-schema/src/JsonSchema/Constraints/Constraint.php,489a21f7e2c0b0aae4a9c2837bc6747c4951320edd7189b2279e77252d829054,7167
update/vendor/justinrainbow/json-schema/src/JsonSchema/Constraints/ConstraintInterface.php,b94b06b5e5ae7dc5b07d8e468e77473cff18a1f403ff058084b06676d7884652,1336
update/vendor/justinrainbow/json-schema/src/JsonSchema/Constraints/EnumConstraint.php,dc2a303b73476be2a6b3db8eeaa2dbf36c770959e43966e5896b838611cfb656,1340
update/vendor/justinrainbow/json-schema/src/JsonSchema/Constraints/Factory.php,b3be8873acf70d3217f5c3b946d7677ce84015cd10d331bbec6d95e011cb0f09,2890
update/vendor/justinrainbow/json-schema/src/JsonSchema/Constraints/FormatConstraint.php,763547b192278c93faa62e0737260fb80ee3e7a9bae5fd425a90d852f33bbf91,6885
update/vendor/justinrainbow/json-schema/src/JsonSchema/Constraints/NumberConstraint.php,92b46627eef89b9e95e921b4f0229877c45ab7e8c1763f50c67b9f38ad9cdecb,3697
update/vendor/justinrainbow/json-schema/src/JsonSchema/Constraints/ObjectConstraint.php,bf45676bde979d2d95f25e85b12ae5e057cb3885b69ba491bdb2ce7b3facfa85,5664
update/vendor/justinrainbow/json-schema/src/JsonSchema/Constraints/SchemaConstraint.php,9cbf46f8418640e64787930a3b7ef6f81a5a27662522a48995308f014856a94d,1086
update/vendor/justinrainbow/json-schema/src/JsonSchema/Constraints/StringConstraint.php,ef6047678c3d20c39585a8e681b940ada84d4a2a74a69e0988469f222b1d3054,1843
update/vendor/justinrainbow/json-schema/src/JsonSchema/Constraints/TypeConstraint.php,541122f820b63ff67fb5d1d445a3f66a30f750ec4e15c910338666891d5dc721,4246
update/vendor/justinrainbow/json-schema/src/JsonSchema/Constraints/UndefinedConstraint.php,4855fad90480ab6a6151382afb1d914e6d117ad0ca07c6780f38b1e026f7530e,11021
update/vendor/justinrainbow/json-schema/src/JsonSchema/Exception/InvalidArgumentException.php,504149f3081c56840ac402a521892622727349761f8e15ad7f2189e61b998447,346
update/vendor/justinrainbow/json-schema/src/JsonSchema/Exception/InvalidSchemaMediaTypeException.php,e5b5a7735473d6b42e97976aa94b2a0a107ad21bbc46d306c81fe79073e0046b,347
update/vendor/justinrainbow/json-schema/src/JsonSchema/Exception/InvalidSourceUriException.php,eb51d06dfe3ddf666c893dcb8b065cd479d5ad41b8ac985815b0eb55d92264b1,348
update/vendor/justinrainbow/json-schema/src/JsonSchema/Exception/JsonDecodingException.php,6400ec8b94848e1a9d2c7732499df04a5dd56667af0bc12f7ab8676da6f34f85,1243
update/vendor/justinrainbow/json-schema/src/JsonSchema/Exception/ResourceNotFoundException.php,b1521cc5b6a27e19b41932b6d4064648dd5cfdc18b292ab4f0aeafa5d5d13d1a,340
update/vendor/justinrainbow/json-schema/src/JsonSchema/Exception/UriResolverException.php,f414e77693d4c399118de5f7274671eee1e8a474e577421992968c367353ef8d,330
update/vendor/justinrainbow/json-schema/src/JsonSchema/RefResolver.php,9bc1b5bc6cbceaeb4f6d009bce1a869a96ede2d00a6c8a4f03c49b83eb876374,8143
update/vendor/justinrainbow/json-schema/src/JsonSchema/Uri/Retrievers/AbstractRetriever.php,7630fd945a8aa92a004952e727693acddce67c90f5987eb6c3cddd9882d3d85f,604
update/vendor/justinrainbow/json-schema/src/JsonSchema/Uri/Retrievers/Curl.php,5f0ffc0709d59cac469287fe7d0734bbeae58678a88593d1a3ba0726bdc07d90,1988
update/vendor/justinrainbow/json-schema/src/JsonSchema/Uri/Retrievers/FileGetContents.php,181de2d96a708db705c67d129cb2261c4457f73c77910127e6ffac22146da5ff,2476
update/vendor/justinrainbow/json-schema/src/JsonSchema/Uri/Retrievers/PredefinedArray.php,74432ed77e41a6c4c3d0e9646440d8e1af5af535893a1e7c166fa3037fac8fd1,1288
update/vendor/justinrainbow/json-schema/src/JsonSchema/Uri/Retrievers/UriRetrieverInterface.php,8e7106ee70a1fcb75dac42610e0fa16062a370159b94270af3058ccd91abb09a,723
update/vendor/justinrainbow/json-schema/src/JsonSchema/Uri/UriResolver.php,363046c7d6c8eb7f8ec8da1bde85f5dd31746d3c5946545afd14c7003bfc84f8,4210
update/vendor/justinrainbow/json-schema/src/JsonSchema/Uri/UriRetriever.php,7dee00f42c6cc1d89365aac46f0a027c0fefefcc86669187b5eaac59b67868da,7815
update/vendor/justinrainbow/json-schema/src/JsonSchema/Validator.php,5e03e4eaeaa7d64ebda8f885e15bf2b99684e2837ff748b987fe56c19df48d98,1169
update/vendor/magento/composer/.gitignore,0ba1dc081a3a8a837eb4337250f35275c4178b682ed7925c66d53a53b6e6d64a,82
update/vendor/magento/composer/LICENSE.txt,4c8537fd5431aafcb0ab22c49cba68febb59dd3595210f6c6c3b9212de0a7b49,10364
update/vendor/magento/composer/LICENSE_AFL.txt,26c1e3310769e3c187267cb04ae51a22694964556f9a3002f222a0fa67f47cfd,10374
update/vendor/magento/composer/README.md,9f87893be1d33326f767291092ea45d040cded8f0476fd7543d83aa67073f449,94
update/vendor/magento/composer/composer.json,14b6cfa5a22a36413312f9b898649a40680bbaa2280ee34d9273e55cd2529bb3,501
update/vendor/magento/composer/phpunit.xml.dist,54753500f9eac6b0e25e6b02364155f6ca111726fefca7f6c0e6e31bbf554ed5,729
update/vendor/magento/composer/src/ConsoleArrayInputFactory.php,85adc0868f0c8e2f881807b414e06e63faccfe041d13f2302fc2b0a583890ada,471
update/vendor/magento/composer/src/InfoCommand.php,a0e4fa2dec444d17153b497b9083f304e0622e2731d8ac749ca581f5f7313972,3398
update/vendor/magento/composer/src/MagentoComposerApplication.php,d182ecb3adc9fefbbb8dae15d43ac9b55a99bf329d44ee951b531ca263c81975,3385
update/vendor/magento/composer/src/RequireUpdateDryRunCommand.php,212627e419e06297ff79f8f159186d8b25c29bf090e5d222031e45c8ebb48c96,4703
update/vendor/magento/composer/tests/Composer/ConsoleArrayInputFactoryTest.php,4258f787c06042c1cda868ff557d018e1fc047bc2138c68c92109a18451ef013,561
update/vendor/magento/composer/tests/Composer/InfoCommandTest.php,e452a6be78e50925960932c95c28ce9393db03f17a97f66091e4ba98570ea1fd,3791
update/vendor/magento/composer/tests/Composer/MagentoComposerApplicationTest.php,833d5d6590fd6af40bb04c24c7792fe815a50dbaa385130abf0f446aaa34386c,2560
update/vendor/magento/composer/tests/Composer/RequireUpdateDryRunCommandTest.php,712fe472635c40faab6ce330451a02f2cad5667982e703daca40b5ed080f91b4,3019
update/vendor/monolog/monolog/.php_cs,b23679ce54dfe29df5bb867cd952781efc50b22b8cccedbb14598b16f23dcaa5,801
update/vendor/monolog/monolog/CHANGELOG.mdown,d2239775db58d1ca6be808d837d0e955c5a4652c9d5af3680c5de658f5a8303a,13735
update/vendor/monolog/monolog/LICENSE,7ea1062efd972c9ddfde1755fdec5cbbff1a817ff44be1625eb56d023169021d,1063
update/vendor/monolog/monolog/README.mdown,8ae5192e1837b622046b107742ab806755007224190b2d5c20f8eab1c0d19040,4047
update/vendor/monolog/monolog/composer.json,32d36c959784ab923aa1419d55d72b402da6ff327fafc021f79ca86e215c9183,2304
update/vendor/monolog/monolog/doc/01-usage.md,0614dda4198db715700a12c1290ce9500ab3482087721bf466400e146f92fed3,8373
update/vendor/monolog/monolog/doc/02-handlers-formatters-processors.md,7684c5b7d7d160140d2e309a5e164585d41d18d86bef92197a29378a9c48ad7b,8742
update/vendor/monolog/monolog/doc/03-utilities.md,cd1be42d271e81bf43faee48b748ed98ba2a96257459c47ae6307dac1d1e7ee3,798
update/vendor/monolog/monolog/doc/04-extending.md,555ad230516535778ba381f5b54828fe5f993d2e0c3f401e5d5fa5608055227a,2159
update/vendor/monolog/monolog/doc/sockets.md,8cab601998c3c8bbdf116bed2daf4dddbb46453937e4a8c63b4168ed0ff73545,1023
update/vendor/monolog/monolog/phpunit.xml.dist,11befd94ee77d5c0f1e3069e4d2b007746542cd5ac302ecf02e17f4f7d0acefb,460
update/vendor/monolog/monolog/src/Monolog/ErrorHandler.php,a666e80eae425aaa780dbd2e1ae551aaa19c4653b93afebd0191e8a60b20e7df,7589
update/vendor/monolog/monolog/src/Monolog/Formatter/ChromePHPFormatter.php,13b70357a61720c785c62d976920cf85674df02b0efcdaa01f3aa91b9fd9e00f,2071
update/vendor/monolog/monolog/src/Monolog/Formatter/ElasticaFormatter.php,47eb1b23be829681af15fc914895ad5455d2cab002468e21bc173eaa47a9fca9,1743
update/vendor/monolog/monolog/src/Monolog/Formatter/FlowdockFormatter.php,ff986f02a7f70ce2bfe6c8f37e442b80f3bd4fc28697bb0f920bf39c6a974878,2548
update/vendor/monolog/monolog/src/Monolog/Formatter/FormatterInterface.php,a08f82dad743e989c65e62e85a694d40fd2d1ac98c1c5165d69ed6d7a89e0826,787
update/vendor/monolog/monolog/src/Monolog/Formatter/GelfMessageFormatter.php,bf516d3a804063091b5bf271f6a93c4790f5bb65580932093d63c866b8afea8f,3304
update/vendor/monolog/monolog/src/Monolog/Formatter/HtmlFormatter.php,d3bb465140458dd93210408e2aa732bce79678c527ca19a6468eb8fa72ccb9f1,4532
update/vendor/monolog/monolog/src/Monolog/Formatter/JsonFormatter.php,67649ad9b00c5ee2672029a14d1c0b60e288a77c00374ccc9638b7324b5d5abe,2765
update/vendor/monolog/monolog/src/Monolog/Formatter/LineFormatter.php,600e06d625b5d36a44438c6c94136e91cf2bdb40e8a67019d6769c544f8eda6a,4679
update/vendor/monolog/monolog/src/Monolog/Formatter/LogglyFormatter.php,6e92bba2a9f84cc5a3d56aabe70b799072ab250d1926bcac4ea05a3ed7684cbc,1326
update/vendor/monolog/monolog/src/Monolog/Formatter/LogstashFormatter.php,19e15a707f6faca8b651b700de0d1eafa202d4e6db73227fb22c056cdda36c0b,5222
update/vendor/monolog/monolog/src/Monolog/Formatter/MongoDBFormatter.php,b30647dd4df0851d65353749320f665c3ea594dd150b990d973ae02078a09f07,3260
update/vendor/monolog/monolog/src/Monolog/Formatter/NormalizerFormatter.php,b50138974d2d242e8df255d5d31954c8b7e79876f67e7a1c9c18c1672bd80214,5641
update/vendor/monolog/monolog/src/Monolog/Formatter/ScalarFormatter.php,2d728387705636e6c3619b7cba77ca3599e684098ddde5784b1c654eaa3e577d,1040
update/vendor/monolog/monolog/src/Monolog/Formatter/WildfireFormatter.php,4c389a9c21aaf95052f7f665e625080a4493d8ed9981ab130f2a51f1319827ad,3234
update/vendor/monolog/monolog/src/Monolog/Handler/AbstractHandler.php,edd1dd1571950b499c6a31702f262df89dd413eed24177acc2f1e2eafd8cf76a,4048
update/vendor/monolog/monolog/src/Monolog/Handler/AbstractProcessingHandler.php,2fa028eae6d0452358501e81d5cef672fa227e068b43676738f804d02ebc9082,1498
update/vendor/monolog/monolog/src/Monolog/Handler/AbstractSyslogHandler.php,dc2486d041993196c837fe86c0432c9c34db91abb472debc6becb455820da567,2877
update/vendor/monolog/monolog/src/Monolog/Handler/AmqpHandler.php,c156fac134f84aa36439324d632407c3a9a3809b37ff1bb49d27ffefaa2a1588,2750
update/vendor/monolog/monolog/src/Monolog/Handler/BrowserConsoleHandler.php,5078854b636981e8e1b704189cdc79f5fa22883a5d5a7731fb725baea9ec20eb,6213
update/vendor/monolog/monolog/src/Monolog/Handler/BufferHandler.php,e884058b4d584642d7c4110dd06dd76d58056e435b22ab21eefa4d36e794f56a,3436
update/vendor/monolog/monolog/src/Monolog/Handler/ChromePHPHandler.php,cfb550dbb5262ba9f7c811e8ffc8b05d3ba7695d9947bdde199dc91b65c0c027,5339
update/vendor/monolog/monolog/src/Monolog/Handler/CouchDBHandler.php,b9a5e48a70223f2a16fa082e348a1f78d0d76e2706f76599aee56c396dbeb458,1952
update/vendor/monolog/monolog/src/Monolog/Handler/CubeHandler.php,e2f0b23c279bce761a1bf8cad015aca670a39b744c1a13a148c2f372db571f1a,4543
update/vendor/monolog/monolog/src/Monolog/Handler/Curl/Util.php,14276325e8a2898ad3e3641baac525db09f99530cf1d05bbcf77779c003acbeb,1561
update/vendor/monolog/monolog/src/Monolog/Handler/DoctrineCouchDBHandler.php,b8697c2d2427809ca3c36a9dd666758278996beb0c8ada95e0221b663369b1cc,1000
update/vendor/monolog/monolog/src/Monolog/Handler/DynamoDbHandler.php,86494b755930807ad3f7289edea657594841d7c58dbcae772f63030b7b80c14e,2159
update/vendor/monolog/monolog/src/Monolog/Handler/ElasticSearchHandler.php,68e87f8f32d3111057a0005a2c38382b332555b03bb50c83e86b5004d626cb8f,3417
update/vendor/monolog/monolog/src/Monolog/Handler/ErrorLogHandler.php,4b7d8ed4ded8be8d2a68d4b78aa6c45637261eac58e3eed135ec1d8f9e6ff415,2380
update/vendor/monolog/monolog/src/Monolog/Handler/FilterHandler.php,3798c27e010322ac743e8b60b2cc8f761c6e8f0cf16680c96e77e2f891ce3b26,4383
update/vendor/monolog/monolog/src/Monolog/Handler/FingersCrossed/ActivationStrategyInterface.php,2526c63cfa450432f1717ce9ce14153cf3954216d470db44e8d702abdfe8f207,651
update/vendor/monolog/monolog/src/Monolog/Handler/FingersCrossed/ChannelLevelActivationStrategy.php,ac9515a3aaa96387889e60b6fb4d75e6258aeb3bc8e14d57337fa725e5aace75,1927
update/vendor/monolog/monolog/src/Monolog/Handler/FingersCrossed/ErrorLevelActivationStrategy.php,6feb90b549d7a60eb6e674590f65de3fef637b4d0a4c92e296926e0a502c230e,759
update/vendor/monolog/monolog/src/Monolog/Handler/FingersCrossedHandler.php,18983994803b7a789bc5935d9482d8f5d3eee5ee686b00a538a539f8498e30ac,5504
update/vendor/monolog/monolog/src/Monolog/Handler/FirePHPHandler.php,41dfe07b444cddeb88c3b9f56c4d7b3a40da5d29958c5a740e10e699200c295b,5466
update/vendor/monolog/monolog/src/Monolog/Handler/FleepHookHandler.php,4b4be35b6f8204b4429f5839869575e45916fd985763a2aabae8e11d4f304dbc,3362
update/vendor/monolog/monolog/src/Monolog/Handler/FlowdockHandler.php,1a77e9cf0a3ca10f828247ffef8411221e8605f8efa67bfadc8cdebed3d6840b,3357
update/vendor/monolog/monolog/src/Monolog/Handler/GelfHandler.php,7f376623003a9f5ef92440a3c119d17409fa12837e5b12c47bcc214135325b68,2068
update/vendor/monolog/monolog/src/Monolog/Handler/GroupHandler.php,e4b4cf3f7059b0cc340d1d44e9bde3a85444d037472ffa9c07143f38f3ba8913,1889
update/vendor/monolog/monolog/src/Monolog/Handler/HandlerInterface.php,6f0df47df61db9e9017caa416e037296840e59d264aedd9c5b8efaae8a2ed1b3,2597
update/vendor/monolog/monolog/src/Monolog/Handler/HipChatHandler.php,b678b9264ddb50186f57eef657fad413ec69f2f8d30d32c0181a269d6a6a70f2,9737
update/vendor/monolog/monolog/src/Monolog/Handler/IFTTTHandler.php,23e7d124c54882ce9efd65314567d5d50c95d88a50a4f7730f455039a148030a,2184
update/vendor/monolog/monolog/src/Monolog/Handler/LogEntriesHandler.php,915859d5455f28d838c8a3c881e75a5d9f1d7f7afc3bc2dfa87f532c39fcb679,1605
update/vendor/monolog/monolog/src/Monolog/Handler/LogglyHandler.php,01ff4bd5d1bb106df5f54a29968e0c3b8e147f207f3b4ded3d35240e9d16f54d,2619
update/vendor/monolog/monolog/src/Monolog/Handler/MailHandler.php,8d163345d10964eb7d33135cdfca644dfaae1e459acc0c65e5104cdf750ed249,1295
update/vendor/monolog/monolog/src/Monolog/Handler/MandrillHandler.php,8775b32696cc41d84274c232bd8db3d465d53273212d20325071605c37acc6ff,2156
update/vendor/monolog/monolog/src/Monolog/Handler/MissingExtensionException.php,4cb4dd1ecb944005d7912a58a5118bcee9f1e5b8d7eecf6447f357d543f9e31b,450
update/vendor/monolog/monolog/src/Monolog/Handler/MongoDBHandler.php,83540ca0de2c4dd599e1c8fc08b396fa8f58c866c34ed9d90ecd9894d820b894,1384
update/vendor/monolog/monolog/src/Monolog/Handler/NativeMailerHandler.php,03543664bde6745c675469785751cbc9c34cf56711a1eb3e6a6f7b9cf26ad72e,4920
update/vendor/monolog/monolog/src/Monolog/Handler/NewRelicHandler.php,a93d1acbd29bd7c8ee78d23beee83075710efc7034687081dc6745bd9719ef82,5735
update/vendor/monolog/monolog/src/Monolog/Handler/NullHandler.php,580166036a214d332f082b952661a65dda33b0f4f0113e431a51fb1c436b9312,957
update/vendor/monolog/monolog/src/Monolog/Handler/PHPConsoleHandler.php,389c57210c8aa1cfef07c87c8e3f71acaebf510cf950c3cd032f2f416ebfc515,9954
update/vendor/monolog/monolog/src/Monolog/Handler/PsrHandler.php,9c67c5d653876d1a956aeadf87c47ccbd24ea2ae4c2551eee30b7428a54872f1,1433
update/vendor/monolog/monolog/src/Monolog/Handler/PushoverHandler.php,0cf2eac958d91dece5ca32b3e3391f05e83f774b26cf2abd60949798d4f1a4b1,6631
update/vendor/monolog/monolog/src/Monolog/Handler/RavenHandler.php,7cbdfe4fd81c6e072d8d387d00ad8ab06dfcd11bb1439dc9285c02c7de74f81b,5772
update/vendor/monolog/monolog/src/Monolog/Handler/RedisHandler.php,8bbb43faa0c8e0d32f53c4346aa0c6181db0e9cd7dcc63a862085111ae3279b0,2893
update/vendor/monolog/monolog/src/Monolog/Handler/RollbarHandler.php,54578cb62ea16ef3efef8960b6576bd9e752b0ecec618362c18630d1e90be8f6,2294
update/vendor/monolog/monolog/src/Monolog/Handler/RotatingFileHandler.php,ff9c62c329709d0d89ce01e56d2f528a25f7b1c0a4c1b18dad1aad300c5d7844,4531
update/vendor/monolog/monolog/src/Monolog/Handler/SamplingHandler.php,6311b56fa9a14b3faa6d8ee059716df4f10f8f12bc7c8af8dc9307ee3eaeab77,2674
update/vendor/monolog/monolog/src/Monolog/Handler/SlackHandler.php,0e3468b432bdd5d43ee3bbb0a182b201f1431b21853a37b1ec100ac1a6e3cd0b,8930
update/vendor/monolog/monolog/src/Monolog/Handler/SocketHandler.php,c739c4fdca4f7350fcfbd62b92c98d8bb16b87a6c6af84a5f9afebd853165202,7348
update/vendor/monolog/monolog/src/Monolog/Handler/StreamHandler.php,2d874561591b51763840a9acab353e03ba3007af987171fe1c0b1a03a5aa9301,4554
update/vendor/monolog/monolog/src/Monolog/Handler/SwiftMailerHandler.php,4461e68c50bfe504349dd1470cd4df57a080be54649c9b51d910bf31b3665e4d,2637
update/vendor/monolog/monolog/src/Monolog/Handler/SyslogHandler.php,c7a3a8c1d6a22aea2a645bd1ba4bb912f5794f0d2a202b3b7fd9ada1daff499a,1848
update/vendor/monolog/monolog/src/Monolog/Handler/SyslogUdp/UdpSocket.php,55def94eb680b06ec24281a96577bf7e1c6977e93d2ca831db0c8ab49f536648,1337
update/vendor/monolog/monolog/src/Monolog/Handler/SyslogUdpHandler.php,8a1d482c2ece4d12e63ffde72b465552b8c088617e03c6266391f1c030d9e88c,2012
update/vendor/monolog/monolog/src/Monolog/Handler/TestHandler.php,6208105236679c0b8b45b26cca238a2ad7a0d4f8097605a159e9834a1f8404d6,4657
update/vendor/monolog/monolog/src/Monolog/Handler/WhatFailureGroupHandler.php,9d29c172d7bc518e1c858e4d651392080cd2c570971bec91fcc743a68d28ac9c,1343
update/vendor/monolog/monolog/src/Monolog/Handler/ZendMonitorHandler.php,6d65b094f4c53d186530b046cc3a2740a64630e175660f1908da8befb5c3a714,2240
update/vendor/monolog/monolog/src/Monolog/Logger.php,a648e69cd31593bec836382ad174e73a34525cd209c94231fec256d8d259f0de,17796
update/vendor/monolog/monolog/src/Monolog/Processor/GitProcessor.php,9e656cc91924a3659ce5460e4b65c1c046caf740528b235e273394b16f25afa3,1406
update/vendor/monolog/monolog/src/Monolog/Processor/IntrospectionProcessor.php,a586fba2ffa00ce2f76d4d8de624bf6bfe91ee2d4c34e744956971954e588434,2821
update/vendor/monolog/monolog/src/Monolog/Processor/MemoryPeakUsageProcessor.php,4e4ffbc79f004470b8a51d0fdb24478196216509c86113f3756eb44b290a5b62,790
update/vendor/monolog/monolog/src/Monolog/Processor/MemoryProcessor.php,7fac7331f22329b3a2622054895920c8b432a67a03c90ab898b33cd1ebca74ee,1821
update/vendor/monolog/monolog/src/Monolog/Processor/MemoryUsageProcessor.php,88b896eb3d3aab16d84e24989a6b4bc63ad29208f0e32c05c2fdf8755a5d8dbb,771
update/vendor/monolog/monolog/src/Monolog/Processor/ProcessIdProcessor.php,9763c867631d55153499a3c26b334a435f0a25b5885b2c39457e02f5dcd9c9bc,574
update/vendor/monolog/monolog/src/Monolog/Processor/PsrLogMessageProcessor.php,f58905ea56526c470350142b049e78f74cd503bf62a18a678e9ba08c745d0c9e,1272
update/vendor/monolog/monolog/src/Monolog/Processor/TagProcessor.php,9fb86bdea433c0007287c42eaa0f3dbe65e142e668691f6b8a03c17b63414ced,820
update/vendor/monolog/monolog/src/Monolog/Processor/UidProcessor.php,d2df7d783d9f014b475ee167b2340f633c57f21bacada459d2f715150e081fc2,837
update/vendor/monolog/monolog/src/Monolog/Processor/WebProcessor.php,e2bc6264c38ac2146541b54ba19c5050feb27b4eb4962c525dd13b69c95c45f7,2876
update/vendor/monolog/monolog/src/Monolog/Registry.php,4ac8cfeed5746c5df582ae6585f26873b30ace0f07ffeceaed474869d87de212,4024
update/vendor/monolog/monolog/tests/Monolog/ErrorHandlerTest.php,a18df12a14bf414adfce24a9b2288674edc989a39bbddc2133cf0f304295099b,934
update/vendor/monolog/monolog/tests/Monolog/Formatter/ChromePHPFormatterTest.php,56be013f8a68090d8f9259f3ce962c4bad6a56c4a06b471f387b6c56d9d3bbd0,4247
update/vendor/monolog/monolog/tests/Monolog/Formatter/ElasticaFormatterTest.php,cf8dbd4ddc8062515b39c29e47b83c96d1eb70093e0b5135402250c23e1f6c72,2348
update/vendor/monolog/monolog/tests/Monolog/Formatter/FlowdockFormatterTest.php,63890ce7a4a81037f3b7be06345686e452d856fbd223c707000a32aab68fb075,1545
update/vendor/monolog/monolog/tests/Monolog/Formatter/GelfMessageFormatterTest.php,19f472cfae33c6c3cc371248e34f505190187354bd1593ee516b84a36215cecc,6318
update/vendor/monolog/monolog/tests/Monolog/Formatter/JsonFormatterTest.php,5479739a7b80321f403e5f6d5dc2fc97956f5e984a8a8ebb288428dc4564747d,2605
update/vendor/monolog/monolog/tests/Monolog/Formatter/LineFormatterTest.php,497598a926aad28565819192e6d92368d37d13a1da5781abb0e1666a4b206464,7131
update/vendor/monolog/monolog/tests/Monolog/Formatter/LogglyFormatterTest.php,0579bc4175831da9ee37d8f203232369f7667482d57c4c1d69003f8ed3af140f,1211
update/vendor/monolog/monolog/tests/Monolog/Formatter/LogstashFormatterTest.php,2a687edb76c7597635be7267c03f9f09164ac9bad5d781c29303c63f64465825,9804
update/vendor/monolog/monolog/tests/Monolog/Formatter/MongoDBFormatterTest.php,8d05b40e537a2eeb7d9c5b37ce535ad206839a4f90822b8dbfc4d93275cc3c10,8998
update/vendor/monolog/monolog/tests/Monolog/Formatter/NormalizerFormatterTest.php,9e662832344bd9099881ddfec57942c2867d746d01f4e4cc336f28c80d30eb72,8620
update/vendor/monolog/monolog/tests/Monolog/Formatter/ScalarFormatterTest.php,e8a2fe27e437983f3af4c22beb20153d3d6397cf103302f8f55c02df79d0b91a,3011
update/vendor/monolog/monolog/tests/Monolog/Formatter/WildfireFormatterTest.php,1efb4cb7a7eb39c21f32a0517fba49246269e55dfa4f927ee68b6352a345ceca,4242
update/vendor/monolog/monolog/tests/Monolog/Handler/AbstractHandlerTest.php,abd71eb659ab6fc960fd81144ed6cee2a2e8eb4e43d306fa9a8eaa1b53260da7,4089
update/vendor/monolog/monolog/tests/Monolog/Handler/AbstractProcessingHandlerTest.php,be5726d2503c309d6b81897686b87b70d161fe44c5d0a107f052a2a80f8a494e,2656
update/vendor/monolog/monolog/tests/Monolog/Handler/AmqpHandlerTest.php,7983c6723cf77fd3f8f4bba9901fe3a06a66c9314ac0ea05842e1bad13c15e78,4189
update/vendor/monolog/monolog/tests/Monolog/Handler/BrowserConsoleHandlerTest.php,3dff619a5edcfd575b685e762e3d5f67157ea85cb7b8d6ed64d67e121b53df56,4203
update/vendor/monolog/monolog/tests/Monolog/Handler/BufferHandlerTest.php,45810d1087d16391e965b3cf183e8193aabda94dc0d65b3998cd50360c46672f,5359
update/vendor/monolog/monolog/tests/Monolog/Handler/ChromePHPHandlerTest.php,7361c387e8dc665cfe73622c5d78a45186d2f34b1a10a3b6849bf0d3009e7ce1,4258
update/vendor/monolog/monolog/tests/Monolog/Handler/CouchDBHandlerTest.php,43e81e44eae68a7f20c791d3fc5369421de0ed2e88f85edcab0165826d8530df,751
update/vendor/monolog/monolog/tests/Monolog/Handler/DoctrineCouchDBHandlerTest.php,9e6008f91313c210c5e56afd246232e328efa0e6f86c6fecf9b2f8eaee9de461,1478
update/vendor/monolog/monolog/tests/Monolog/Handler/DynamoDbHandlerTest.php,9d267f9c95469e0a9e6736e69bf4a15aa812da7facdaa86a55e1d62d676da233,2196
update/vendor/monolog/monolog/tests/Monolog/Handler/ElasticSearchHandlerTest.php,07f14bfae1c7cc7cd0babc597be485f24e0ed87993b8246d59e1a1ce3a095907,7688
update/vendor/monolog/monolog/tests/Monolog/Handler/ErrorLogHandlerTest.php,122359a2ce72dc63bc45794db13992f06e341b82bc569230e60874373db146d3,2147
update/vendor/monolog/monolog/tests/Monolog/Handler/FilterHandlerTest.php,0c7890042203d028983ee4ac9bc0e04c4a4924533053ead3dba8a1bb0c75cbd8,6407
update/vendor/monolog/monolog/tests/Monolog/Handler/FingersCrossedHandlerTest.php,e7c8282bed4a427ca78b80a5feed3f2f19a8afc362b96ed4a5e9e18466f9da04,9952
update/vendor/monolog/monolog/tests/Monolog/Handler/FirePHPHandlerTest.php,d6f8694074e2781079b539372fcbbee8e506012665a296d96638a6504d33d8e0,2959
update/vendor/monolog/monolog/tests/Monolog/Handler/Fixtures/.gitkeep,e3b0c44298fc1c149afbf4c8996fb92427ae41e4649b934ca495991b7852b855,0
update/vendor/monolog/monolog/tests/Monolog/Handler/FleepHookHandlerTest.php,eefd5fa6fa2ae982d74038aecaef83af5c2fb8bb870e5aba426a5fef725793ac,2242
update/vendor/monolog/monolog/tests/Monolog/Handler/FlowdockHandlerTest.php,8cacd6e143c65f7e2c4a61d7e75390938dab7da4972148ff5e4739d65e15a1d7,2595
update/vendor/monolog/monolog/tests/Monolog/Handler/GelfHandlerLegacyTest.php,658669343072593d2e9965d7f74daeed6100686d8436c64fba3b31f18ad7c505,3191
update/vendor/monolog/monolog/tests/Monolog/Handler/GelfHandlerTest.php,d6bb92a7f985cefe49f2beb738d3fb0d9c3bed78b85fe39f48446c76cb077bca,3387
update/vendor/monolog/monolog/tests/Monolog/Handler/GelfMockMessagePublisher.php,a0bfe9557a59fa8453b0945c8329f62ab2398cacaae7722d3000e417e44de093,500
update/vendor/monolog/monolog/tests/Monolog/Handler/GroupHandlerTest.php,8b34aa01c357bada163609817d14526b161abeaa0c737aa0f76da20c61966a52,2903
update/vendor/monolog/monolog/tests/Monolog/Handler/HipChatHandlerTest.php,372075bf8f43688e95e99b64053eca8adaffd548395b02dade58cc61218628d1,9199
update/vendor/monolog/monolog/tests/Monolog/Handler/LogEntriesHandlerTest.php,1e1dca9fa51e503ad913116c089b5854e594044edd8a9819bfcd663f5576fb13,2398
update/vendor/monolog/monolog/tests/Monolog/Handler/MailHandlerTest.php,63b117aada02de601886ce7e18447dfc2e53c9f5d6a6a823a953a52b5acf42b8,2203
update/vendor/monolog/monolog/tests/Monolog/Handler/MockRavenClient.php,4fb3eff371d459b03ec94610b97175e57763dad895cc0ec3f7b7444730cec578,573
update/vendor/monolog/monolog/tests/Monolog/Handler/MongoDBHandlerTest.php,bcbcf7e51730f3bb3f555169acbf59899ad513d18932510130bcf787e551619a,1750
update/vendor/monolog/monolog/tests/Monolog/Handler/NativeMailerHandlerTest.php,d8ef0c2cf7de57abe990190dd0d12d01cf7e07ed96c372cc303a981ffcf861ad,1861
update/vendor/monolog/monolog/tests/Monolog/Handler/NewRelicHandlerTest.php,cf48e3b1aaf59e5d01a9ffbcae3fe5036c727d1c590ab12084e30b751e30f449,5767
update/vendor/monolog/monolog/tests/Monolog/Handler/NullHandlerTest.php,3c228a46ab147e5855d2acf057a7e6267b90c335584b8360884c205a0c2ff9e1,747
update/vendor/monolog/monolog/tests/Monolog/Handler/PHPConsoleHandlerTest.php,a1967103b1ff83cc1c9c7f279364c3f75a3b50cbc7fe0a8d22bfd502bcf5cb50,9892
update/vendor/monolog/monolog/tests/Monolog/Handler/PsrHandlerTest.php,2d16634459ff7f01e49eb63e14c8617a49738cacacd336b4af62eda5872ef18f,1285
update/vendor/monolog/monolog/tests/Monolog/Handler/PushoverHandlerTest.php,38b01b47a48de5593bc22c2f929888e099a1871b4b9fa16cc0f37cbc4c10d04c,5269
update/vendor/monolog/monolog/tests/Monolog/Handler/RavenHandlerTest.php,c9e357c881a17da66f0c398cf5a89ed8f626bce4873ca9990c5bb3d386a7ee79,6039
update/vendor/monolog/monolog/tests/Monolog/Handler/RedisHandlerTest.php,a222f9a2d9d0664f4975f8c805983b57ad1c9f9f8889053ddecbdc95f68b5ab9,3928
update/vendor/monolog/monolog/tests/Monolog/Handler/RotatingFileHandlerTest.php,fc1dcfddb67f38e0a68c785f6e232fdd53d8d411081e1eb1c3e3efd1a378fdfb,3129
update/vendor/monolog/monolog/tests/Monolog/Handler/SamplingHandlerTest.php,471d870e52e01a17d2cc91bbca0883226e87dfe6e3272b87606a23733458eb9d,845
update/vendor/monolog/monolog/tests/Monolog/Handler/SlackHandlerTest.php,ad17ce2afeb2cf77118ca1ccb4f87df367a3d85672baa6bec779ba2b9c88b0d6,4397
update/vendor/monolog/monolog/tests/Monolog/Handler/SocketHandlerTest.php,8d282a0e1c245b3de6de1dd24110dc00cc8a7f1ff4c98cacf1925ee7123328c0,7874
update/vendor/monolog/monolog/tests/Monolog/Handler/StreamHandlerTest.php,e63144db765c2356b154e1488fbc85c68ea25eade2d81c95b72a6a092a8b6d3a,5369
update/vendor/monolog/monolog/tests/Monolog/Handler/SwiftMailerHandlerTest.php,a1c764a28401a3a89f10c8758be7a81aeba70c73250bdc0e8aeded65cdc554e1,2090
update/vendor/monolog/monolog/tests/Monolog/Handler/SyslogHandlerTest.php,3702df651f64247d6235df8f59741ff05e79304e1a0769aea28dd16141139b53,1283
update/vendor/monolog/monolog/tests/Monolog/Handler/SyslogUdpHandlerTest.php,08df03d615853262129dc925c3b01133974885666571c5fd7d9d8b36f5b77cc4,1463
update/vendor/monolog/monolog/tests/Monolog/Handler/TestHandlerTest.php,157189b38d76f476af0177240fcda80a3558424259ef2381495eeaf8d7fd9cb6,2429
update/vendor/monolog/monolog/tests/Monolog/Handler/UdpSocketTest.php,ce102f958c445802c8ef7aa7ba649380a95442c604f22151dc2b9b2e83b40b2f,1669
update/vendor/monolog/monolog/tests/Monolog/Handler/WhatFailureGroupHandlerTest.php,c88c30a1bff0450308968b2b2b3760001f4ea70346b01d559ca64e385936f26d,3928
update/vendor/monolog/monolog/tests/Monolog/Handler/ZendMonitorHandlerTest.php,9c3ecc9e84149552f787cd36bd7f91adccccb1b0f67d8c8a041db355adeae9e5,2038
update/vendor/monolog/monolog/tests/Monolog/LoggerTest.php,8b51f29fdfeaa5e997da9d2d03ead20f15aaf9f1ce8ca403b64c2dcdec4273fa,14153
update/vendor/monolog/monolog/tests/Monolog/Processor/GitProcessorTest.php,f2735c7f9cdbcf17bf7891db9c5ed5769e432e4e5228e519d062c7698b925d67,677
update/vendor/monolog/monolog/tests/Monolog/Processor/IntrospectionProcessorTest.php,dbd56be2109e98d47bcf60147dad63fbd73a0b6b47a15404d31467aea2c87dd5,3153
update/vendor/monolog/monolog/tests/Monolog/Processor/MemoryPeakUsageProcessorTest.php,1af8a1580b17c96509a5936cfc72eb88d1e48bfc4a4012c2ddd5c7cc47202b2b,1361
update/vendor/monolog/monolog/tests/Monolog/Processor/MemoryUsageProcessorTest.php,f65986e3442cf432e2320567501d745756cd44634f3934fbf8f61636d041feff,1316
update/vendor/monolog/monolog/tests/Monolog/Processor/ProcessIdProcessorTest.php,9f36fae67b249b1252b56fc1e22a9beb3b5d36aa4cbaa5d4bc2cb6468d78e68a,844
update/vendor/monolog/monolog/tests/Monolog/Processor/PsrLogMessageProcessorTest.php,48cab46950827e8bbbc98cd063ca17667a8941e5f3ca26fce4d1c884f060323d,1055
update/vendor/monolog/monolog/tests/Monolog/Processor/TagProcessorTest.php,883ce4fc1643d50b478c5e4b99b7fcc5cd747c8f872c10a69d1482e4bbc684d7,1351
update/vendor/monolog/monolog/tests/Monolog/Processor/UidProcessorTest.php,01373ec272c94c9c3d79778def0db51d15ed943c2e613cd677010e08b83a536c,603
update/vendor/monolog/monolog/tests/Monolog/Processor/WebProcessorTest.php,ab778f174b4090ab631a8e3175c6a9f2c019d825fe4c9e4a7890336ae7a84a27,3032
update/vendor/monolog/monolog/tests/Monolog/PsrLogCompatTest.php,9c4cec7ff24025a8156a992c339d8e907fe490d6d5715637aeaf238dc2bdf58c,1175
update/vendor/monolog/monolog/tests/Monolog/RegistryTest.php,92fb74e8bfd241ec5f66fa21766cbf5cb2c10cd7ad03355f4021271cfa1b2d0d,3973
update/vendor/monolog/monolog/tests/Monolog/TestCase.php,2b027ee5758f27b9f4e11c8fe4a3a61f313a38f1166edb71dd88f22314b24ab5,1644
update/vendor/psr/log/.gitignore,667c8222edb934123a43746eed02b50c77fb0c130451148c41d1095f30b22200,7
update/vendor/psr/log/LICENSE,6e944907067bae93c00a9f2ad51032243820b22df34b77c77690d46cb2e98e24,1085
update/vendor/psr/log/Psr/Log/AbstractLogger.php,4d2fe7a42fa71431b99041c0d09c78d97c9b1ad4c594353207986f1b9c852396,3024
update/vendor/psr/log/Psr/Log/InvalidArgumentException.php,403c6def4d4199a12cb4a54e804c7d29405968871366500f72d6f3ea401bfc64,96
update/vendor/psr/log/Psr/Log/LogLevel.php,6fa0986adf5820b94d1a958ba1a6a3b021a066e1192a70f54396005c34737af4,312
update/vendor/psr/log/Psr/Log/LoggerAwareInterface.php,39a06b7e0c25ebef3674b6fd396889bdcfc7e2c8e6697a4388add29a1c044391,288
update/vendor/psr/log/Psr/Log/LoggerAwareTrait.php,f20c125c2cf1b2cc9b86fbae7de689c37cd2984441038323ad1f8ae23209c100,351
update/vendor/psr/log/Psr/Log/LoggerInterface.php,b06f0bfc45d4f7f75bf21bc8eb1620dfac2c07e7c305331e978ea82219cc857a,2965
update/vendor/psr/log/Psr/Log/LoggerTrait.php,fa1070323433cff6f13882cc92625f93363e4431785bc6ca4b02f0106851ba0c,3288
update/vendor/psr/log/Psr/Log/NullLogger.php,0d6330fefcadc8f9739f6badc4dbcf0d81e3a10c37b20275fc63780efcbbac33,641
update/vendor/psr/log/Psr/Log/Test/LoggerInterfaceTest.php,16680e4ef432e094abf602803abac7d75e77ae49c5457aa7977fb94bd1b719ab,3874
update/vendor/psr/log/README.md,5c71cc4e7ce8f98a157fa8be0a4084cdb1e58dc9906cbc525292f722f5961311,1088
update/vendor/psr/log/composer.json,27f806eca7121f35f123efc51aa89fca12fe57bfb6cf394f35a9235dc5aea477,358
update/vendor/seld/cli-prompt/.gitignore,88e274162098de2fd10df15bd450bb1d26fc5c41c2e8fe324f11b0c25bc7d87b,8
update/vendor/seld/cli-prompt/LICENSE,3fc337478e9445732febc4657820de91ff1e71e6796e8e212c49efa7ca5b57e8,1058
update/vendor/seld/cli-prompt/README.md,0c289b95727d73043a993051fdcc630f66b52e6c0f9a09bed05107a50175989c,1449
update/vendor/seld/cli-prompt/composer.json,3e6eba7a7dbd0a519ff83e996cfdf84e30a36b2eaeba27f36b5b8a8b8b006f33,627
update/vendor/seld/cli-prompt/res/example.php,20d11e16f3c927e684e2f4f25265953ae13460531beff9e471201cbfac899f80,295
update/vendor/seld/cli-prompt/res/hiddeninput.exe,8fdff52a7430dba14fb97239c7fe414710991f16da269374e0936a1385f3a318,9216
update/vendor/seld/cli-prompt/src/CliPrompt.php,13e1725e741462d2165fa8a1acdecba8460d16f41fc3572147618f8d49f43ed1,3436
update/vendor/seld/jsonlint/.gitignore,443f809238562b4619cea8287a3850cf27f2a3edb50a0e3cb967fa1314675d6e,36
update/vendor/seld/jsonlint/.travis.yml,b0e55cedb4f32d3de67837f232821e6e385c20b285b23b7d1b8291d22754bc89,135
update/vendor/seld/jsonlint/CHANGELOG.mdown,db8f33ff6a022348bc575444c50b976414de4f91d9b4674079e87c70698be4a1,1177
update/vendor/seld/jsonlint/LICENSE,0f8b952ae717f0e1eaa1e67cabc212238e9364d4e74e0af8d12bc7de860e1450,1058
update/vendor/seld/jsonlint/README.mdown,b66fc21b745765238c4d7246a9c42bf77fc52ab4de336147223bef8fcdd51a92,1806
update/vendor/seld/jsonlint/bin/jsonlint,e555205c3b95cef0efc148ff9a445ce0a115267337771de0de0b44cb47964918,2584
update/vendor/seld/jsonlint/composer.json,e4cd0b04d464ed96a015551c581664456ad5867c8bfdb6698d564a53ad8c8c4d,506
update/vendor/seld/jsonlint/phpunit.xml.dist,d703fd3183818c75079746e66bdbb4a2fd462c385cd62433e79e572a35b0528f,684
update/vendor/seld/jsonlint/src/Seld/JsonLint/DuplicateKeyException.php,fe0a29860f9e460be88261c7afc9592af0c7c95df170e839bd165821dcc94db3,568
update/vendor/seld/jsonlint/src/Seld/JsonLint/JsonParser.php,53305e91a342bc28ae0fd5a9e581b97ed421c6c56a418a0f4e376f479f112dfd,20149
update/vendor/seld/jsonlint/src/Seld/JsonLint/Lexer.php,d003ad02551568cac05cddf08a0064835cda26840467707a72ce038637df39e0,5734
update/vendor/seld/jsonlint/src/Seld/JsonLint/ParsingException.php,46ace58bba4ed8c4a33d2f277cc95857db95055e35bc31627452fa40d7754ea6,560
update/vendor/seld/jsonlint/src/Seld/JsonLint/Undefined.php,67ed2d71e20c0bdf82d75b31e802c3e0617550006257f2dcdc103f4b0174c9c2,284
update/vendor/seld/jsonlint/tests/JsonParserTest.php,98d97257fdbfabb2d81f3e8b74de3987dd149e32fb0ec870332c6834a105decc,6722
update/vendor/seld/jsonlint/tests/bom.json,81d7ed85c353c66579b631ccad958b38a83f304cea5287b1eb16397cb7414abd,91
update/vendor/seld/jsonlint/tests/bootstrap.php,faec2b3a47903efb4a552bfb77856c402ee075376b7adfad50ba5b5077e2f9d3,336
update/vendor/seld/phar-utils/.gitignore,88e274162098de2fd10df15bd450bb1d26fc5c41c2e8fe324f11b0c25bc7d87b,8
update/vendor/seld/phar-utils/LICENSE,3fc337478e9445732febc4657820de91ff1e71e6796e8e212c49efa7ca5b57e8,1058
update/vendor/seld/phar-utils/README.md,db936e760e27d471101efc0e4abe391deedf5165aa5470dbb4f00ea4fb7410e5,736
update/vendor/seld/phar-utils/composer.json,2206dc3b9533ea6b0d491443eef4bc7f01059483ddecd391e0035e1e7cf4da0b,540
update/vendor/seld/phar-utils/composer.lock,440f52c1f48b9997b1429a5398ab7e783fa46a7b40640e70fb711c6eb86a2eeb,559
update/vendor/seld/phar-utils/src/Timestamps.php,1c5567b34eab1e5e314b9c82fdeefcac83f0fe56e51506e05ad1d4465bad68f8,5571
update/vendor/symfony/console/Symfony/Component/Console/.gitignore,7b3ba9901711eeb5337461d79f2bfc753f605fcaff82e1f55daf05f09e96ea0e,34
update/vendor/symfony/console/Symfony/Component/Console/Application.php,49bc63cd657722cc0a8dd85b3c7ba81687f60683e169ea4e9282bf2cf34a0818,37790
update/vendor/symfony/console/Symfony/Component/Console/CHANGELOG.md,85dce3e434b5c04d9b8a2117af150ae3265e832b36d162e9d211d14a3b4979e4,2099
update/vendor/symfony/console/Symfony/Component/Console/Command/Command.php,5895d053aa1357051e2facd80c2b76aca40c51d03ed7e93844c4a5d5abf8a128,17872
update/vendor/symfony/console/Symfony/Component/Console/Command/HelpCommand.php,15ee9f0bfc64057e170279b72f5380c6cfacdf93630a9dc0081c62ece1ed089c,2658
update/vendor/symfony/console/Symfony/Component/Console/Command/ListCommand.php,a4ad44190635c4183513668f10b3ee65c51400a9660650dc02a937d02066e30c,2748
update/vendor/symfony/console/Symfony/Component/Console/ConsoleEvents.php,9d3d9a154da8dde0dbe59fae515ab467db772831b145e24aa091a1cb62c2b06e,1591
update/vendor/symfony/console/Symfony/Component/Console/Descriptor/ApplicationDescription.php,36e84645475c5793bdc84bb00643d15fdbb91b23197ce050149add342bf867b8,3611
update/vendor/symfony/console/Symfony/Component/Console/Descriptor/Descriptor.php,5ecff62c0467d1654871af14b68d7f6a10382802fbb8d6e8e5aa1b7e9edde8fa,3530
update/vendor/symfony/console/Symfony/Component/Console/Descriptor/DescriptorInterface.php,a952558ab7221afa05b26e82b39eb4a6a37c1efe07ba568359ce6910d3ff78c0,737
update/vendor/symfony/console/Symfony/Component/Console/Descriptor/JsonDescriptor.php,db741c45f8f5ef9ab3b463609e6148167d759f2a8da27086ab1c3e63ec6ebcb1,4909
update/vendor/symfony/console/Symfony/Component/Console/Descriptor/MarkdownDescriptor.php,0c7e2047a48de41453a8d5abe24f3013a48d223631b97446404a313ac8941486,4911
update/vendor/symfony/console/Symfony/Component/Console/Descriptor/TextDescriptor.php,bf1b10d0d03fcb77c6688587c5dc5abcac055ec875f970642706d895bfb4d2b6,9127
update/vendor/symfony/console/Symfony/Component/Console/Descriptor/XmlDescriptor.php,2d4e38f635bce11da8c944f36ef468f0e271088c3a2c66d84fbd33df3446ea7a,9728
update/vendor/symfony/console/Symfony/Component/Console/Event/ConsoleCommandEvent.php,c5581f6c7163d5f3432482cefd585b16120c3d1b36b8bb3fad09343fe4ba20dd,1336
update/vendor/symfony/console/Symfony/Component/Console/Event/ConsoleEvent.php,fdb39e03500dae121b9151ad165b8b7da083b0520c2c65cb80861648c7523ed1,1464
update/vendor/symfony/console/Symfony/Component/Console/Event/ConsoleExceptionEvent.php,653af8f09bddb425a2f15a8af8f7e8f4aa9d6b2a09f3447b8d07883297d7bda9,1597
update/vendor/symfony/console/Symfony/Component/Console/Event/ConsoleTerminateEvent.php,8f75cfc0ba2838c0a35667a992fa5fc77608d19945668352bd8c42ab3c5d48e0,1306
update/vendor/symfony/console/Symfony/Component/Console/Formatter/OutputFormatter.php,1570e47f2c6e9ba270b105817939e3f1477d01e104b1c847dde980311ddf203c,6457
update/vendor/symfony/console/Symfony/Component/Console/Formatter/OutputFormatterInterface.php,bc8b739a56e6bffb65b1697fe63fe37c5a79972cf7b9c7ffc5dbd393fcba04f1,1754
update/vendor/symfony/console/Symfony/Component/Console/Formatter/OutputFormatterStyle.php,c967322649a61bbad0f2bb7844bd58b2034745acf5a74c062d8f40484dd2ba1c,6876
update/vendor/symfony/console/Symfony/Component/Console/Formatter/OutputFormatterStyleInterface.php,381500d3ef62187f59a13fd62d1903058ebe4eb690897021a211d775427fe0aa,1439
update/vendor/symfony/console/Symfony/Component/Console/Formatter/OutputFormatterStyleStack.php,82b9f500301a7d483f66e41739558c16bc3400e966f36db7a5555bfaf429e662,2789
update/vendor/symfony/console/Symfony/Component/Console/Helper/DebugFormatterHelper.php,06d96e7dd3550aba8b9f1be580e7dae447c6ed8ccde6559dadd2511137ce98ac,4179
update/vendor/symfony/console/Symfony/Component/Console/Helper/DescriptorHelper.php,b92cde7f0bbb56d4760d9e8b52af970e88ae72ac6d4702160bf45df533cd9181,2592
update/vendor/symfony/console/Symfony/Component/Console/Helper/DialogHelper.php,8fcaebd20294e193220bbb0988f730fce6e6c9c07176e1efb1657ef644853134,16529
update/vendor/symfony/console/Symfony/Component/Console/Helper/FormatterHelper.php,cc7d567592ab5b4586ffb2431e6cdf984a210ad05681f7e820f1bcc047570506,2325
update/vendor/symfony/console/Symfony/Component/Console/Helper/Helper.php,8c8a2028f5914895bde0615c889cd1130653aaa5d3c87da55a65d09bad5f8794,3148
update/vendor/symfony/console/Symfony/Component/Console/Helper/HelperInterface.php,6fd05e5b28ddf62abb010edc07884a5eac1bcd0da86c785dd6f7abbf53d6dfcd,1011
update/vendor/symfony/console/Symfony/Component/Console/Helper/HelperSet.php,66174843e43b8973c7c49f2394472112caa1abe8596a445a5c7c333ae8216ac2,2523
update/vendor/symfony/console/Symfony/Component/Console/Helper/InputAwareHelper.php,22276c901d44ee8034ac7d7e420a37b47a1347ce4e96db278002d6a0e5cb0869,747
update/vendor/symfony/console/Symfony/Component/Console/Helper/ProcessHelper.php,9ec008a52fa6e0709784e2a9032e66e6c9e98246a0eaaf68d5121d65d93d0ef5,4825
update/vendor/symfony/console/Symfony/Component/Console/Helper/ProgressBar.php,57cf3db264dfe33dd331e6b33dbdf28a840e0683ae7ef5a76d18550624b21ae8,17141
update/vendor/symfony/console/Symfony/Component/Console/Helper/ProgressHelper.php,0ff6c4182d67c06a8ed27efd05cbc9c8aaa98686605cbbf3f6adb4295855abee,12079
update/vendor/symfony/console/Symfony/Component/Console/Helper/QuestionHelper.php,6b3d809acc061fde93fa2953c8bd5e696cdc8019c03e61e8d029c515f3b94790,12608
update/vendor/symfony/console/Symfony/Component/Console/Helper/Table.php,e4407695a6b3dae9dca6985cfa67a2dfae8ba346fae75667eb88a1ddbd3091ee,10349
update/vendor/symfony/console/Symfony/Component/Console/Helper/TableHelper.php,2aeedb7dc21de01475652881c12fb49b64ba55c90b8a5af947a2b4e8eea8034d,5895
update/vendor/symfony/console/Symfony/Component/Console/Helper/TableSeparator.php,9194d8c2ebcdc0140427b4fb49aa0770344a574c6d507a38c42cd4b711dfe6ea,405
update/vendor/symfony/console/Symfony/Component/Console/Helper/TableStyle.php,3d2f040e842ea299ddf6ee756e05e0527ab82cb53a105f9b2f2a0beccccf2294,4943
update/vendor/symfony/console/Symfony/Component/Console/Input/ArgvInput.php,f39a28489cb7f99a3147f7e345341f834835351789c8b6164991d984a4f76b0b,10696
update/vendor/symfony/console/Symfony/Component/Console/Input/ArrayInput.php,de48d32ee09b5a92ca7b73c5d6bdbac2a50be035a93397a6b3dfc584973be7f7,5963
update/vendor/symfony/console/Symfony/Component/Console/Input/Input.php,27913bcbf4fc0de6fc53b668d9a128425f7e34ae57fbcc29877acdffdf5494a4,6120
update/vendor/symfony/console/Symfony/Component/Console/Input/InputArgument.php,f22a7d8cdb72fb8a493b5d9346a07528bcadf0a8812dca80370eb513e3ca33fe,3263
update/vendor/symfony/console/Symfony/Component/Console/Input/InputAwareInterface.php,ad688ced260a8795edfeeb3301164ef79a940df434a7b0e0e4d547d951b2783a,606
update/vendor/symfony/console/Symfony/Component/Console/Input/InputDefinition.php,3fb60037c5b4a3d3b82293de59dbad839077e1256adadd238e6eb0a83028a9a2,12149
update/vendor/symfony/console/Symfony/Component/Console/Input/InputInterface.php,e159109b028f6cc7524298313646251673d520f762c106c62ffecd7779b68a71,4125
update/vendor/symfony/console/Symfony/Component/Console/Input/InputOption.php,90336cdb8c1e79921448c0e9dcce8f917415304daaa1760d8a24ff0c40b8dedf,5946
update/vendor/symfony/console/Symfony/Component/Console/Input/StringInput.php,e526279651f5fac40d824966066ac30b48ce5f75daadf992703da38c7c026500,2725
update/vendor/symfony/console/Symfony/Component/Console/LICENSE,41dbc7f22e823cc486c8565cabc6ade2ed4f95c84832c17266467d0c722ed5ee,1065
update/vendor/symfony/console/Symfony/Component/Console/Logger/ConsoleLogger.php,cdb7f76ced666b7614d94fc92c66fbe8112c9147995568d238b51135481dbd5f,3813
update/vendor/symfony/console/Symfony/Component/Console/Output/BufferedOutput.php,561900007c2ff2c8698596e3a2e3d5b86d349edcadf48c0360f3e70e3b18c589,872
update/vendor/symfony/console/Symfony/Component/Console/Output/ConsoleOutput.php,05f73d65d7479c15e7c42a16bdd48825866f4b538af8962ba2b788e4ef0f4983,3678
update/vendor/symfony/console/Symfony/Component/Console/Output/ConsoleOutputInterface.php,14262a5e3b5a1cc8c63c5decd5d2d3d3167e30db4a7076bdce07550e98346f86,843
update/vendor/symfony/console/Symfony/Component/Console/Output/NullOutput.php,28b324bf867c26669543c3290496e6e2e0a7d61a47cfc36317a55ae3c3ad17c8,2015
update/vendor/symfony/console/Symfony/Component/Console/Output/Output.php,e8aaa720802ed3c0250dcb0ca9b4b18128e953687b65a4bc7b584b5657394f8f,4153
update/vendor/symfony/console/Symfony/Component/Console/Output/OutputInterface.php,53d98b2a6a40110c8e31e5c2a0863e028fe51b48092216de2aac24c55474088c,2849
update/vendor/symfony/console/Symfony/Component/Console/Output/StreamOutput.php,819f10bd3e92cd9b2836e62dcba8a93d1006b76eaefa79030f3a3fd2faa39540,2999
update/vendor/symfony/console/Symfony/Component/Console/Question/ChoiceQuestion.php,5bba2874415c11c2383d4f1b0df5b25c4123ac6341ca8fe669604c866cdd5964,3876
update/vendor/symfony/console/Symfony/Component/Console/Question/ConfirmationQuestion.php,2fafde13490b0de012f7de711098bca99fe92d87a13428071e28bb1edf73c01d,1316
update/vendor/symfony/console/Symfony/Component/Console/Question/Question.php,e627aeb3c77a98cf1e53e2b6c267ce57abae8429b9c54096dfd530b213430dbe,5484
update/vendor/symfony/console/Symfony/Component/Console/README.md,62ab0b17cbdc238036c42465a23933101457db200f2d02e3d605fed871945053,1906
update/vendor/symfony/console/Symfony/Component/Console/Resources/bin/hiddeninput.exe,8fdff52a7430dba14fb97239c7fe414710991f16da269374e0936a1385f3a318,9216
update/vendor/symfony/console/Symfony/Component/Console/Shell.php,36ab6f0a30adf421ee79bddb5c0ed91db9ee9ef6080027039409cc9888ce5a11,6392
update/vendor/symfony/console/Symfony/Component/Console/Tester/ApplicationTester.php,56afab704577b30bcebe4c5129c1827fdf502afd8188f9e0cb633bc3c1109551,3419
update/vendor/symfony/console/Symfony/Component/Console/Tester/CommandTester.php,8d90e58dc11837206149d70f09258ceeb264465ee66a94daec5f0edb32fd2f18,3659
update/vendor/symfony/console/Symfony/Component/Console/Tests/ApplicationTest.php,1bffac44382b4f4fdc2b3565ac9f495c9946a1b880a7794b73e15892d0887f2d,47794
update/vendor/symfony/console/Symfony/Component/Console/Tests/Command/CommandTest.php,3baf0298dcbb11439d955b020eb62af47c4ae6c3a3a3a68758021d27a3809bcd,14600
update/vendor/symfony/console/Symfony/Component/Console/Tests/Command/HelpCommandTest.php,82487f380f8c803968529c7073e29cf35480cd63f71ea59c31feff9db339d6a6,2865
update/vendor/symfony/console/Symfony/Component/Console/Tests/Command/ListCommandTest.php,436ed4c301c98b411fe244087a8c1aef77584242adc725a4ff82037cbebbaad4,2369
update/vendor/symfony/console/Symfony/Component/Console/Tests/Descriptor/AbstractDescriptorTest.php,c6d89469c78cb608d6547e1c335846ad32c8fd045f458d48d398950a6f91e36d,3777
update/vendor/symfony/console/Symfony/Component/Console/Tests/Descriptor/JsonDescriptorTest.php,a3fa550e02fce249f47d36db8c38ba6aeedd55446b67367c919a0f1ddd371601,570
update/vendor/symfony/console/Symfony/Component/Console/Tests/Descriptor/MarkdownDescriptorTest.php,937d4c8c32d23178db62877995e51705272384750fd714eb9538cdb01f98ecd2,580
update/vendor/symfony/console/Symfony/Component/Console/Tests/Descriptor/ObjectsProvider.php,85a58afc0befb3a96d252d05650d4ad79c65bbe68f21da638435faba5f2a2614,2890
update/vendor/symfony/console/Symfony/Component/Console/Tests/Descriptor/TextDescriptorTest.php,ecbaa8e30902f2521dde36b5854c68b75fba8153dc7bcd6b4713086175d4ad50,569
update/vendor/symfony/console/Symfony/Component/Console/Tests/Descriptor/XmlDescriptorTest.php,d3e5bbdfcb5ee74e1a116ca9e028de00117831d8192b4244867fa5cc77c29f58,566
update/vendor/symfony/console/Symfony/Component/Console/Tests/Fixtures/BarBucCommand.php,26689dd685a7667180d806c71785f7a692fdd6720ac173ce97cfca7fc7b800a4,177
update/vendor/symfony/console/Symfony/Component/Console/Tests/Fixtures/DescriptorApplication1.php,cb9ae103b3c206d29d330af62c5f6632c18e2aa88bf8144e808db02ef1cdb52a,388
update/vendor/symfony/console/Symfony/Component/Console/Tests/Fixtures/DescriptorApplication2.php,7a7b3e59991b6a2f8d6686c4834043fa0b1fa61fb5c05e07325364efdc638c7f,589
update/vendor/symfony/console/Symfony/Component/Console/Tests/Fixtures/DescriptorCommand1.php,7d3287e3e83c0791f7c25e1a9bf8cccd6100704aed4bf9a01e83f393aa1add36,646
update/vendor/symfony/console/Symfony/Component/Console/Tests/Fixtures/DescriptorCommand2.php,5570c0ed054d1a7237098fb675f0aa2ea507f725e9b06a76b1e3dd6dbea8ecf0,831
update/vendor/symfony/console/Symfony/Component/Console/Tests/Fixtures/DummyOutput.php,3f9d9b5069d887eb06aabc22482903a5973adeedeca4eab4f03dc537b28085e2,798
update/vendor/symfony/console/Symfony/Component/Console/Tests/Fixtures/Foo1Command.php,703700d00638b90ea649525052e4974f8b744123a96fd1793f82d2dfaad61bbb,597
update/vendor/symfony/console/Symfony/Component/Console/Tests/Fixtures/Foo2Command.php,0918fa18347fb2ecf2613cf5fe46a81a2ef2fd27494a1085bfa6e201c20acfb3,493
update/vendor/symfony/console/Symfony/Component/Console/Tests/Fixtures/Foo3Command.php,6dd5f8172f8bcd6329ecd0d2038c0df8fddf7138625e2ac904db590004d8b66f,833
update/vendor/symfony/console/Symfony/Component/Console/Tests/Fixtures/Foo4Command.php,db7eb0702f97a851b6090b99b40b4150880ccac9939280f3412300c3a0baafc9,180
update/vendor/symfony/console/Symfony/Component/Console/Tests/Fixtures/Foo5Command.php,7cc5b983e2b087be78b18b15eaa0a738bbe9242e4199e1c2ca89d12310170444,139
update/vendor/symfony/console/Symfony/Component/Console/Tests/Fixtures/FooCommand.php,ffba20c0583d9dbde4b991dbb59d6f5b7d489cae994d431e0d3f350dbf7f9777,768
update/vendor/symfony/console/Symfony/Component/Console/Tests/Fixtures/FooSubnamespaced1Command.php,b3dd7714240101c46c28da3b456e73e7f427f89e005876106f70d8cb5092fde9,617
update/vendor/symfony/console/Symfony/Component/Console/Tests/Fixtures/FooSubnamespaced2Command.php,22e82dcdbe8e4e22c1d20b04720cd71a4fcd9ab23e4f848c628297d308b8befb,615
update/vendor/symfony/console/Symfony/Component/Console/Tests/Fixtures/FoobarCommand.php,9b6e218f3dd2ffe38061024d403a666df83983844f3d43e83334af2521d30a45,559
update/vendor/symfony/console/Symfony/Component/Console/Tests/Fixtures/TestCommand.php,6411d7faef85a853474daca248204b371ec8e31f5ec020a189759a99dc98b0dd,698
update/vendor/symfony/console/Symfony/Component/Console/Tests/Fixtures/application_1.json,a04496f65e55855444a9c8d611683794cb852595742c06b3600f8c20734501ec,3805
update/vendor/symfony/console/Symfony/Component/Console/Tests/Fixtures/application_1.md,a2a865f34a4ef1a5fc6b647bf309751757a60be1bb3e52ec7bee8cc023937f5e,3736
update/vendor/symfony/console/Symfony/Component/Console/Tests/Fixtures/application_1.txt,db1d866547ad787fcb5d10427f4cf4f629166a99895e82f95f231812ae6304e5,748
update/vendor/symfony/console/Symfony/Component/Console/Tests/Fixtures/application_1.xml,3fe8c055725aaf4f4ad71196de0efe312b8c2ef0343b2856a111b39516048e96,4766
update/vendor/symfony/console/Symfony/Component/Console/Tests/Fixtures/application_2.json,b0029a92caa33c3d8df9383ca3a89c8515203188d791cb4e111dcf6db40b3f0e,7135
update/vendor/symfony/console/Symfony/Component/Console/Tests/Fixtures/application_2.md,95df7394280506f27676e1e54f0471f47562585153eff5bb74e1a738c51c79d4,7098
update/vendor/symfony/console/Symfony/Component/Console/Tests/Fixtures/application_2.txt,8a457a05343836436bc49f85836bb2c53535b8d359623a6f2a182696a10d2835,1082
update/vendor/symfony/console/Symfony/Component/Console/Tests/Fixtures/application_2.xml,d25901e0172e8d61d76267c8b8ad52dc4bbcb8a006795df71334dff07659b928,8779
update/vendor/symfony/console/Symfony/Component/Console/Tests/Fixtures/application_astext1.txt,22bc7328f4e83365c0fb2772c4cd693da1d5d256c95f90c9c0547378456c0b22,865
update/vendor/symfony/console/Symfony/Component/Console/Tests/Fixtures/application_astext2.txt,9644667520ba44e189b6971086c3389a19e5dc87c8c44fc5778d55750a3f14aa,731
update/vendor/symfony/console/Symfony/Component/Console/Tests/Fixtures/application_asxml1.txt,cc464e1e234b5bd34827acc800dd5acb0619300425412c045f4d88b34e79ef42,6157
update/vendor/symfony/console/Symfony/Component/Console/Tests/Fixtures/application_asxml2.txt,ba1b0d6f3d1ae570a9c0e0760ce21cbb347a3e78ace01ad8ea8afe3de1b2bb51,1677
update/vendor/symfony/console/Symfony/Component/Console/Tests/Fixtures/application_gethelp.txt,0e82cb3a6df5072d48de25f7a277290a96802fb7d73ba41940fd92d8ca939f0a,25
update/vendor/symfony/console/Symfony/Component/Console/Tests/Fixtures/application_renderexception1.txt,3d8d8caa42c036be45850a3a7d0e22a902bdb30bbdfb74309ab6255b03e8d832,140
update/vendor/symfony/console/Symfony/Component/Console/Tests/Fixtures/application_renderexception2.txt,c28db2683c779d18dae93c368d26671e43f722a5b76391d90017397e06375d2e,212
update/vendor/symfony/console/Symfony/Component/Console/Tests/Fixtures/application_renderexception3.txt,717b6005e68329a2dd0e1b1c33e6cc2993869bf4892d02dc71ea4b8406573328,411
update/vendor/symfony/console/Symfony/Component/Console/Tests/Fixtures/application_renderexception3decorated.txt,79b57982ee0e5b71dbee27feffd9b41ee4c16d1ed21e674e51a530eb47f85ffb,735
update/vendor/symfony/console/Symfony/Component/Console/Tests/Fixtures/application_renderexception4.txt,9a1f4d0f64d9608cd9b9f557a2dbbf48e496c33e2dc926edca616a202b8376aa,164
update/vendor/symfony/console/Symfony/Component/Console/Tests/Fixtures/application_renderexception_doublewidth1.txt,aad32cc36911e2f20b66d7684a039351dd539df750bede698b6225af64b8dc28,102
update/vendor/symfony/console/Symfony/Component/Console/Tests/Fixtures/application_renderexception_doublewidth1decorated.txt,6173af8c5213d7374ac57ed32b2e7bb26ba988497b9b6cf872b9bf4fd9c515e0,176
update/vendor/symfony/console/Symfony/Component/Console/Tests/Fixtures/application_renderexception_doublewidth2.txt,e842f2e7fdb184686230280fc5adbf09b32d7bdf1ff7384dfbfcd20d2f71bd7d,185
update/vendor/symfony/console/Symfony/Component/Console/Tests/Fixtures/application_run1.txt,35e44fdb2af3d7925f662bb8b38922c8c543a3c89b9a64bf6e16f648e28faaca,561
update/vendor/symfony/console/Symfony/Component/Console/Tests/Fixtures/application_run2.txt,24fcc4e833c251f72cb80d54d44f29ad3383cf1a0931691da27149a0b0986ea6,1062
update/vendor/symfony/console/Symfony/Component/Console/Tests/Fixtures/application_run3.txt,8089456869142e30ae9f0463c615972fe6345dc8d1347722890e34c623651107,656
update/vendor/symfony/console/Symfony/Component/Console/Tests/Fixtures/application_run4.txt,e22668ee665cd9571a17a42e13694b20d7fedc41774a59ad61ae017488a0ef26,13
update/vendor/symfony/console/Symfony/Component/Console/Tests/Fixtures/command_1.json,8cb998097d720705d4795b21f5dae506415da1e9a6a17988c60f97f042d54463,196
update/vendor/symfony/console/Symfony/Component/Console/Tests/Fixtures/command_1.md,30f3abdfe950ee5c1bd3a3cf8a1ba7203f7175baca247e2a5856f8a8557d5592,155
update/vendor/symfony/console/Symfony/Component/Console/Tests/Fixtures/command_1.txt,159a94c374fbd429efaf9ba1784fa02235d930392542cefc49048c402cd7006c,146
update/vendor/symfony/console/Symfony/Component/Console/Tests/Fixtures/command_1.xml,ee6e0914dc82b59d99380ea8ee27bd38406495e9e7f4bbfded761f07d8333b0c,335
update/vendor/symfony/console/Symfony/Component/Console/Tests/Fixtures/command_2.json,0369624c4b8602783aa06a72d9b22a21cb6487628ef40a4ad7667a6860ab14fb,474
update/vendor/symfony/console/Symfony/Component/Console/Tests/Fixtures/command_2.md,8807a33bf15d66831732fa740dd5263c43ea96548b3664cb043e167a21d47d3b,485
update/vendor/symfony/console/Symfony/Component/Console/Tests/Fixtures/command_2.txt,208b827a453e5df93a9fd5307c3a31d9a66d4f80f1ef52a34b7143a7d8e9a9c8,250
update/vendor/symfony/console/Symfony/Component/Console/Tests/Fixtures/command_2.xml,cf0d08fb8ac3638db85700d4693c85904e56233612362029216f56a081c43224,614
update/vendor/symfony/console/Symfony/Component/Console/Tests/Fixtures/command_astext.txt,3cf6cab32b2b7ba2e3b3dc7693ba321c831557a6027e802873a8103d5f807257,749
update/vendor/symfony/console/Symfony/Component/Console/Tests/Fixtures/command_asxml.txt,ba51074e353b4a2f53a50926f1c9987c9780a581e5fd8a1d0ea4df8204506321,1746
update/vendor/symfony/console/Symfony/Component/Console/Tests/Fixtures/definition_astext.txt,071aef812396889eb3cd0a16c6211a9bc9401cbd9098c3179e23c0baf9c20394,733
update/vendor/symfony/console/Symfony/Component/Console/Tests/Fixtures/definition_asxml.txt,aaf3f20a25db2ca0ec15fcda498934b61908dba6c0671dc039e7f65b1da8c74b,1255
update/vendor/symfony/console/Symfony/Component/Console/Tests/Fixtures/input_argument_1.json,a95042f3e99935d3551cac2479bc2621739b6be1c7e0d470c1d9bdb4b710e246,93
update/vendor/symfony/console/Symfony/Component/Console/Tests/Fixtures/input_argument_1.md,7fe5080c7bc1b11f5d8f295eb87829a766b5360b59a93b3e3f3c20141176cb47,116
update/vendor/symfony/console/Symfony/Component/Console/Tests/Fixtures/input_argument_1.txt,822c0c9848ff4e4be517fb7c7ebe78ac39ebf2a07a33031c8e4261ca363d61cf,28
update/vendor/symfony/console/Symfony/Component/Console/Tests/Fixtures/input_argument_1.xml,b5a7fa0a4f8a9feee92bbd34f28fe622a4ef14c5b07cd00ce6563d66077d8561,156
update/vendor/symfony/console/Symfony/Component/Console/Tests/Fixtures/input_argument_2.json,f42724bb86f4300eee00e1d6e9d7a611413d9d0588a504682bbf72e25f4831f6,111
update/vendor/symfony/console/Symfony/Component/Console/Tests/Fixtures/input_argument_2.md,25511cce19e721f67224814289b41cedd1e9e23f6b7c1aebb09a46093cda028a,134
update/vendor/symfony/console/Symfony/Component/Console/Tests/Fixtures/input_argument_2.txt,bbd713889b0d80ab94217ecb0df83371d5ffdd509ab1595b14bef37375908365,49
update/vendor/symfony/console/Symfony/Component/Console/Tests/Fixtures/input_argument_2.xml,0fe7d6742d287c10dabfb890ed3fa356d98d47ab16a6a29f2dd78f160a18f0e7,176
update/vendor/symfony/console/Symfony/Component/Console/Tests/Fixtures/input_argument_3.json,2e0425d0a9d3f3ee1c8ea62d5c4a50de944025eda258fe5f107250171db8f344,125
update/vendor/symfony/console/Symfony/Component/Console/Tests/Fixtures/input_argument_3.md,90724f93d87a25ff4fa041ebda9aaa8c41a6b021755d690429b5a911344faf32,140
update/vendor/symfony/console/Symfony/Component/Console/Tests/Fixtures/input_argument_3.txt,f5b4c0854f3b3f27023e67f161416274bfe7d44c364e062740dab4e41c68e206,95
update/vendor/symfony/console/Symfony/Component/Console/Tests/Fixtures/input_argument_3.xml,91ba71d1e00ee730235ab501636af2d8f811603fa0c2cae1824059fbd06df20a,226
update/vendor/symfony/console/Symfony/Component/Console/Tests/Fixtures/input_definition_1.json,a9355e8cd31d94e3b282e64b9a1a3e3d10070892c7de4b3e7c12420fda4fa251,30
update/vendor/symfony/console/Symfony/Component/Console/Tests/Fixtures/input_definition_1.md,e3b0c44298fc1c149afbf4c8996fb92427ae41e4649b934ca495991b7852b855,0
update/vendor/symfony/console/Symfony/Component/Console/Tests/Fixtures/input_definition_1.txt,e3b0c44298fc1c149afbf4c8996fb92427ae41e4649b934ca495991b7852b855,0
update/vendor/symfony/console/Symfony/Component/Console/Tests/Fixtures/input_definition_1.xml,e441716a7291d9c873b47d7c354034481f2a98ae97f7518dfad9593843fbad24,94
update/vendor/symfony/console/Symfony/Component/Console/Tests/Fixtures/input_definition_2.json,41d7ad77beaa9797395aad8734047b1b333c2ad372591460f090c19e35ccf31f,138
update/vendor/symfony/console/Symfony/Component/Console/Tests/Fixtures/input_definition_2.md,982b04def2442e2dabf8803a9cbeb9a23612b2121a427c8be80effb22fb3be29,132
update/vendor/symfony/console/Symfony/Component/Console/Tests/Fixtures/input_definition_2.txt,9856c0d903e6edb3e88aab405a795c4f2668d1e3a493ceab12cd811a0b62709e,59
update/vendor/symfony/console/Symfony/Component/Console/Tests/Fixtures/input_definition_2.xml,89d24cf2d20fb05c5289659a3c7f33b565943690b983bc4461fb98c67a0d6c79,241
update/vendor/symfony/console/Symfony/Component/Console/Tests/Fixtures/input_definition_3.json,f74bced963dbdfcb05f27ed5250bb39033b34e7be0bd97902cecc90d60d2079f,184
update/vendor/symfony/console/Symfony/Component/Console/Tests/Fixtures/input_definition_3.md,7c4951f00c285aab83ce75ae08e04e892f4ff6730584d35a86fb7b280cda9ae0,175
update/vendor/symfony/console/Symfony/Component/Console/Tests/Fixtures/input_definition_3.txt,73031aa3ccb7ebea6546b2d567205315282b5499ad10ad2b5496f1f7674305fe,61
update/vendor/symfony/console/Symfony/Component/Console/Tests/Fixtures/input_definition_3.xml,6d79da4156192d44aa2986bbf4c69b7d3e9fc2f25561f6832edccb392b40b241,257
update/vendor/symfony/console/Symfony/Component/Console/Tests/Fixtures/input_definition_4.json,afdc0cd0ce52f83e1ce1b0c88e56fa0c357558e0b3b024df456d3f3886db037e,292
update/vendor/symfony/console/Symfony/Component/Console/Tests/Fixtures/input_definition_4.md,86e613e5caec48cffa3542a402e3a332fe1538559b7cdffa38a265720a8564c1,308
update/vendor/symfony/console/Symfony/Component/Console/Tests/Fixtures/input_definition_4.txt,afa171da5ee905e8d3663d42e44099981274f9d432f3e9f1e9817fd35e6f49a9,126
update/vendor/symfony/console/Symfony/Component/Console/Tests/Fixtures/input_definition_4.xml,44625e4def4e5c6434a6d43ed771b257fa9ee4a9ddd8a33ec8fe0012340bbb8a,404
update/vendor/symfony/console/Symfony/Component/Console/Tests/Fixtures/input_option_1.json,6c0076e889aebaac0dd08e3f2131efcb3dd6e0a0b58e57895f36a690936ce837,141
update/vendor/symfony/console/Symfony/Component/Console/Tests/Fixtures/input_option_1.md,e508c83c2bdaaa2739d73e9779c2c31cb0571e50de926c1c7c326eb360d9c685,161
update/vendor/symfony/console/Symfony/Component/Console/Tests/Fixtures/input_option_1.txt,f390206e5789a5b9f0093ca7a2d533462f78fe463d271c1420026baa52dc390f,33
update/vendor/symfony/console/Symfony/Component/Console/Tests/Fixtures/input_option_1.xml,7ddd91c453439d269b4b1caa15e1c53d032ead92ddc7176c7339dc5eedddd964,178
update/vendor/symfony/console/Symfony/Component/Console/Tests/Fixtures/input_option_2.json,6f64d12aabcab1388e8541c71390c21ea66f98f9f64b13ea12d358bd350b06ca,168
update/vendor/symfony/console/Symfony/Component/Console/Tests/Fixtures/input_option_2.md,f1d093fe4166cbd2e4b808c49b8e11ae7556c0a33b2171546034a134d616eb18,184
update/vendor/symfony/console/Symfony/Component/Console/Tests/Fixtures/input_option_2.txt,0c3b21889bb0c704b67a331a8a3e2037ecb2ed3d367e7658348cf85313e1092d,98
update/vendor/symfony/console/Symfony/Component/Console/Tests/Fixtures/input_option_2.xml,7249c865c98583ef2f77235b96f46b124c602177520fd2c9336bd21a8040cf46,260
update/vendor/symfony/console/Symfony/Component/Console/Tests/Fixtures/input_option_3.json,43f81f46a3896e7fe6c8cc961642747bc247d5c49d2862dcc5519377fd377609,156
update/vendor/symfony/console/Symfony/Component/Console/Tests/Fixtures/input_option_3.md,5de3fdeef74b97998aa9e74f0f2aef744865b1b000552d59b07906b70b33c1be,174
update/vendor/symfony/console/Symfony/Component/Console/Tests/Fixtures/input_option_3.txt,e78e5eae9f318e3660e471bb388437b9b544ed362de1a05b7ae4f14009f396e7,52
update/vendor/symfony/console/Symfony/Component/Console/Tests/Fixtures/input_option_3.xml,8ed6e0c98cc77bd07bf3fc4180f0a1e4dd1b733774f6832a608565eb5f7ba86e,210
update/vendor/symfony/console/Symfony/Component/Console/Tests/Fixtures/input_option_4.json,2aa3220a7dc44936d8815a8eb11bd679da28f7bcd0fdbca0174ad22586edfa02,154
update/vendor/symfony/console/Symfony/Component/Console/Tests/Fixtures/input_option_4.md,01d7f03b91150e5cfae7dbba5e86f0b193e91fe1a5bbd62af19dd755e50b27de,178
update/vendor/symfony/console/Symfony/Component/Console/Tests/Fixtures/input_option_4.txt,01feaebb8d7416ece19d0c4e6f107929212a65e32de17a004db51a7571fde8f4,97
update/vendor/symfony/console/Symfony/Component/Console/Tests/Fixtures/input_option_4.xml,30f0299e1c0713574e4dd41b810fd0c4661dd91acf9952be282468964ef61e62,210
update/vendor/symfony/console/Symfony/Component/Console/Tests/Formatter/OutputFormatterStyleStackTest.php,44d0847b0cc482c02d4f12893044137a2493ae9b3be3e00cf67840c57a0936ae,2167
update/vendor/symfony/console/Symfony/Component/Console/Tests/Formatter/OutputFormatterStyleTest.php,60765b8d7d75db2262a9898394cfaba23dbddb8bf84668d7a361866e8f73068b,3976
update/vendor/symfony/console/Symfony/Component/Console/Tests/Formatter/OutputFormatterTest.php,df141efdfdf35f0440386411949d08a602a09c641766624f8a7667b9a181ac1c,8315
update/vendor/symfony/console/Symfony/Component/Console/Tests/Helper/FormatterHelperTest.php,50add2a85aaf7345796590c477dd321c0613498d3c9dbee342d04fa8b440dc55,3376
update/vendor/symfony/console/Symfony/Component/Console/Tests/Helper/HelperSetTest.php,4d6c56d2eb5049abd30fc396660120e7977f80e0cb6bf850254b9df00a66ad86,6263
update/vendor/symfony/console/Symfony/Component/Console/Tests/Helper/LegacyDialogHelperTest.php,e42f1db1eb478407a92911fd48db96b0ceff21c7944d92f94fb1e9d974d14468,9073
update/vendor/symfony/console/Symfony/Component/Console/Tests/Helper/LegacyProgressHelperTest.php,fc9cf393fffe1a61c29ae5ac145f6551b802a32b8e63851ac86e1b59107d0046,8151
update/vendor/symfony/console/Symfony/Component/Console/Tests/Helper/LegacyTableHelperTest.php,16ae73167570d26e425863b83a5a89e2e3d5c3e93da43e56afd1428d1d2e1be5,11329
update/vendor/symfony/console/Symfony/Component/Console/Tests/Helper/ProcessHelperTest.php,024327dba060c9b62ff4eef1083d545155759f6a89a8e2e8981f18aa68747b74,4798
update/vendor/symfony/console/Symfony/Component/Console/Tests/Helper/ProgressBarTest.php,72c12d9e3c1ac4a7e698e21253ac065faf43bd397d21f82c591083c11d8bfc4a,20994
update/vendor/symfony/console/Symfony/Component/Console/Tests/Helper/QuestionHelperTest.php,bc3d1a64bd058c7efb235e29fb0fdf195182b81a7252a9fc2aeeed810fe56466,11283
update/vendor/symfony/console/Symfony/Component/Console/Tests/Helper/TableTest.php,b9611b72fd4f27306f2a1fec63f6909914d849715ed4798b7110471f98309115,11808
update/vendor/symfony/console/Symfony/Component/Console/Tests/Input/ArgvInputTest.php,77f1accaec6f386a51e7806d2406ac2f819a0ac97e229f8d80136d692bae86b4,15216
update/vendor/symfony/console/Symfony/Component/Console/Tests/Input/ArrayInputTest.php,0e42c7406441322dd86d5d9e4db5e292c6883b56556fcf2fea86828e629298c8,5411
update/vendor/symfony/console/Symfony/Component/Console/Tests/Input/InputArgumentTest.php,1183021fb40370ceba58c7f0f39d6bb1dffb2046ac972b3ec60c5fbc6edc7aaa,4280
update/vendor/symfony/console/Symfony/Component/Console/Tests/Input/InputDefinitionTest.php,dcd54d0078ea25ff36a14783ad33d65ba40559655cfde668e9e0e7cc9ac18c20,18809
update/vendor/symfony/console/Symfony/Component/Console/Tests/Input/InputOptionTest.php,ff7a3383f5adbee40c68aefd5388c34b11b854a3313e4d9e2bd6612935857a6e,9208
update/vendor/symfony/console/Symfony/Component/Console/Tests/Input/InputTest.php,5b0c290ade4d3144dd158c5ae61e3e3aae689f54aecdd4c30741e0cbc82f8867,5576
update/vendor/symfony/console/Symfony/Component/Console/Tests/Input/StringInputTest.php,457229fb94afe6a5c78989d567988861da207d6bfbb70ebb86fcee2368b90d10,5040
update/vendor/symfony/console/Symfony/Component/Console/Tests/Logger/ConsoleLoggerTest.php,9702fe7557f80d99469f0827aebe240d69c61016851623dfb920cb2d252be768,1598
update/vendor/symfony/console/Symfony/Component/Console/Tests/Output/ConsoleOutputTest.php,2976a38c06096157726e0359d9e80d72e87b1ec3cfc259fede0521f69550e4fb,867
update/vendor/symfony/console/Symfony/Component/Console/Tests/Output/NullOutputTest.php,37db5a69362b3d12c74f04e838e279584a8fe849f0d6e102e6014fc84c5c7633,1269
update/vendor/symfony/console/Symfony/Component/Console/Tests/Output/OutputTest.php,2ad016c9e9552b4cfe8a697e874f0ea23d5639f5aaf64a0e9c888d6a719850aa,5366
update/vendor/symfony/console/Symfony/Component/Console/Tests/Output/StreamOutputTest.php,6e2cc7bf70bda23a167914019de2fa01a6f30acd59750268b69a1a18d92d0b6a,1799
update/vendor/symfony/console/Symfony/Component/Console/Tests/Tester/ApplicationTesterTest.php,0188d21d59534ed6e3810a1ce3ceeefaa6f017258b4f710a28677334ccadde9f,2404
update/vendor/symfony/console/Symfony/Component/Console/Tests/Tester/CommandTesterTest.php,8bdb94f238a97abb9dbea8abe78b4cb7bdcd9bded94da30b761330a4b33633b9,2882
update/vendor/symfony/console/Symfony/Component/Console/composer.json,8c29464b06647bfa0fb89e498ec94692f80017c1d8a21856dea00ce24fd06eea,1057
update/vendor/symfony/console/Symfony/Component/Console/phpunit.xml.dist,ed931c58fec2e334e56dd9086578e9065c14b672a26b2721384547217ed96c18,826
update/vendor/symfony/filesystem/.gitignore,7b3ba9901711eeb5337461d79f2bfc753f605fcaff82e1f55daf05f09e96ea0e,34
update/vendor/symfony/filesystem/CHANGELOG.md,2185cd89f9a6da2fa0dc7cfa6898938397ef575bee367bd59bdebb033ba77ac1,559
update/vendor/symfony/filesystem/Exception/ExceptionInterface.php,abdb681fe688560ec00e997d60d10999308d8e33589722be39ca0e6e508680f6,445
update/vendor/symfony/filesystem/Exception/FileNotFoundException.php,b1f6a6625b841848d65eff79423795316c8b5fe8ae2ace2671e0914e70da48ce,951
update/vendor/symfony/filesystem/Exception/IOException.php,113286d2bb25d65a4035996e4097e2be9db287f38d3f7b76511cd2b43310649f,938
update/vendor/symfony/filesystem/Exception/IOExceptionInterface.php,8a47aaea740039259a31ae78635c84faf1c8fa90a888c56eefc26476f507f695,674
update/vendor/symfony/filesystem/Filesystem.php,4c1b2af1331887cf861b67dde42edff89643de02c3e669bf3f4c418fccba36c1,23493
update/vendor/symfony/filesystem/LICENSE,2fb0c4a058ff8717b8270c8348a5e657f7f234f526a7f61ae79eb74e43ef48f6,1065
update/vendor/symfony/filesystem/LockHandler.php,9580602ebffeb49a77a4363713ca9f5c00004f9658f6c1151dd49c3c0aa4431a,3319
update/vendor/symfony/filesystem/README.md,c173c7e452b46b7b2d02efd9703b1694aa985b638530a9b2c74fac9a24452433,504
update/vendor/symfony/filesystem/Tests/ExceptionTest.php,0157311cd2186c0af8e182969430168f8035b00a8add85fca88f0d2d5eef3ef7,1409
update/vendor/symfony/filesystem/Tests/FilesystemTest.php,e0d542ee654a8e918eb10f95b03934b077a39dc4243b5fabf72b0810380190e5,38042
update/vendor/symfony/filesystem/Tests/FilesystemTestCase.php,3cee5e1e3ff896d941244d1480ce4496842000093733c4b05f28009701490cf3,3766
update/vendor/symfony/filesystem/Tests/Fixtures/MockStream/MockStream.php,4f8e501fa0cc76f1eb798a1c96df4d6fe36111c8ce7e4a8f070ddd054c245882,1443
update/vendor/symfony/filesystem/Tests/LockHandlerTest.php,456403ccd3d7389e6c07a7464c6aafd1c4c0e7cdd789c336c7fb9a622fafd1ab,2706
update/vendor/symfony/filesystem/composer.json,93d94ba2c02a77468ce47a8289f0541c1d17c10df173919c54f2e02e29aaee2a,767
update/vendor/symfony/filesystem/phpunit.xml.dist,47393be99b92ed04fd10b540a362dc53de29867b53b288fa51fe679004ac41a9,779
update/vendor/symfony/finder/.gitignore,7b3ba9901711eeb5337461d79f2bfc753f605fcaff82e1f55daf05f09e96ea0e,34
update/vendor/symfony/finder/CHANGELOG.md,76a6487f35ad312521c3bd24a5fcc951044634775f5c502cbc50a4c8b012c353,1196
update/vendor/symfony/finder/Comparator/Comparator.php,950efc2c4aeb48472efa7897d601bf8781dfd72b10b895faab90bdee1f10e3c3,2055
update/vendor/symfony/finder/Comparator/DateComparator.php,03f8a126c9c898037fd1986d67ad5d699e044f821dfba166566a462c66991f10,1465
update/vendor/symfony/finder/Comparator/NumberComparator.php,8e200a32cee05cda9a8b0d457cde875d21ed9503a7ac41107272f4f5c2964d5a,2588
update/vendor/symfony/finder/Exception/AccessDeniedException.php,3226ca3e2ca3f4134848d00be239b0f248421e2e54ed3b29c7164961a8716611,427
update/vendor/symfony/finder/Exception/ExceptionInterface.php,0ec3abb77d31377e31cf7081f415570b8256efdf35904647997da85c44c40da0,495
update/vendor/symfony/finder/Finder.php,c7f4bb4ba82178118df14d3b3cfa8a30c2be37a9b69161fd0719cf97467ca58f,20142
update/vendor/symfony/finder/Glob.php,f4460fcc677a02f2e1baf8de35b890692837bd4ba6eac671b9fbf57e915f4c6e,3289
update/vendor/symfony/finder/Iterator/CustomFilterIterator.php,8d29e5407a1d35c225b8e75b92ce9d85533021a89c1d3309d27c6b7b8529eca5,1543
update/vendor/symfony/finder/Iterator/DateRangeFilterIterator.php,1158b2e8849250d6f8707a96a7b67af8b71a62ae9ac4f5e49121f0c7327dcb7a,1477
update/vendor/symfony/finder/Iterator/DepthRangeFilterIterator.php,e2114055aecf3ab9d7365b46bc25bd936e8e317069b132dfa73cf37c060a330b,1253
update/vendor/symfony/finder/Iterator/ExcludeDirectoryFilterIterator.php,f7d9c0ece1203bf6f00a1bb729b6354dc57c3c6e785ab626672e7018bda45bb7,2447
update/vendor/symfony/finder/Iterator/FileTypeFilterIterator.php,7e67047edf3f83bb3ccffa1b7f5d4900495e190c492313198b3311cda3942ea2,1369
update/vendor/symfony/finder/Iterator/FilecontentFilterIterator.php,dc979b1c909ba4333727e6f481961fff1498bf8193e792d6de12060830c065ef,1446
update/vendor/symfony/finder/Iterator/FilenameFilterIterator.php,2feef601a7914841ac197b9468d9cc5409c2bae7164cf83e5592af0e693d45b9,1173
update/vendor/symfony/finder/Iterator/FilterIterator.php,01fd5dab81aced3b65a0f4a2d4b6eddbb7db86dc4c1dfb30839c2cd0cf326382,1683
update/vendor/symfony/finder/Iterator/MultiplePcreFilterIterator.php,583f6efd14a10182159d8ea65364cc156d55d9809077c1b967e23f9e3d9ad2b9,3256
update/vendor/symfony/finder/Iterator/PathFilterIterator.php,d1170c863ed6b38198e74b6408681c7d3df2ca76240ca156521d66d563b1d681,1451
update/vendor/symfony/finder/Iterator/RecursiveDirectoryIterator.php,18fb2c7ed9b05578252c1755ef7719c1525673e523fbfd054622a061b5065303,4387
update/vendor/symfony/finder/Iterator/SizeRangeFilterIterator.php,fda872820abd7d45f8a9ca77cefd98eb1cc18168917aef3c5078476ce9610e22,1442
update/vendor/symfony/finder/Iterator/SortableIterator.php,f3515504310e4dab403034e8774e4c170c237ace4790457449e5a34a680fd46a,2531
update/vendor/symfony/finder/LICENSE,2fb0c4a058ff8717b8270c8348a5e657f7f234f526a7f61ae79eb74e43ef48f6,1065
update/vendor/symfony/finder/README.md,aef9da58efe03907bec4b3d4894d7f511a65e07556f47d467e1e81bf3206a7a3,500
update/vendor/symfony/finder/SplFileInfo.php,a528fff4a1e4825eb47ccdbdb610c37455ef7ca65e7f33b03ad47bf079f5fe98,1909
update/vendor/symfony/finder/Tests/Comparator/ComparatorTest.php,e468962d877fb68fef618e17e4afc853ab51a8012cced8e3e523045f4fbc0a49,1942
update/vendor/symfony/finder/Tests/Comparator/DateComparatorTest.php,32c871ee375eec7392fa26151e39c6c4c2d5ea33fbfa1fa6b2737d722479c18f,2435
update/vendor/symfony/finder/Tests/Comparator/NumberComparatorTest.php,a740c9a89d5c3336bb531468d49755e4c3e099271892b0a0323de30d7a312f78,3656
update/vendor/symfony/finder/Tests/FinderTest.php,db8a645c9745c13783298ddf3cef8555dfdc726111c1e8fd6fbfe8a9281286b0,25587
update/vendor/symfony/finder/Tests/Fixtures/A/B/C/abc.dat,e3b0c44298fc1c149afbf4c8996fb92427ae41e4649b934ca495991b7852b855,0
update/vendor/symfony/finder/Tests/Fixtures/A/B/ab.dat,e3b0c44298fc1c149afbf4c8996fb92427ae41e4649b934ca495991b7852b855,0
update/vendor/symfony/finder/Tests/Fixtures/A/a.dat,e3b0c44298fc1c149afbf4c8996fb92427ae41e4649b934ca495991b7852b855,0
update/vendor/symfony/finder/Tests/Fixtures/copy/A/B/C/abc.dat.copy,e3b0c44298fc1c149afbf4c8996fb92427ae41e4649b934ca495991b7852b855,0
update/vendor/symfony/finder/Tests/Fixtures/copy/A/B/ab.dat.copy,e3b0c44298fc1c149afbf4c8996fb92427ae41e4649b934ca495991b7852b855,0
update/vendor/symfony/finder/Tests/Fixtures/copy/A/a.dat.copy,e3b0c44298fc1c149afbf4c8996fb92427ae41e4649b934ca495991b7852b855,0
update/vendor/symfony/finder/Tests/Fixtures/dolor.txt,20ea8350a4015450bda0ca6337936d7e5e720fa74b21e8d5aa0c252c1a9696d4,29
update/vendor/symfony/finder/Tests/Fixtures/ipsum.txt,91c34b7422b36d7b29d35ab73294f8a65b8e2235cf520c7531a7163cf56cc023,41
update/vendor/symfony/finder/Tests/Fixtures/lorem.txt,33049ba6cdbd9a89bcdcb60d95ee09cb7c1e41f7bbdd6098bcc0215e7dafc952,53
update/vendor/symfony/finder/Tests/Fixtures/one/a,e3b0c44298fc1c149afbf4c8996fb92427ae41e4649b934ca495991b7852b855,0
update/vendor/symfony/finder/Tests/Fixtures/one/b/c.neon,e3b0c44298fc1c149afbf4c8996fb92427ae41e4649b934ca495991b7852b855,0
update/vendor/symfony/finder/Tests/Fixtures/one/b/d.neon,e3b0c44298fc1c149afbf4c8996fb92427ae41e4649b934ca495991b7852b855,0
update/vendor/symfony/finder/Tests/Fixtures/r+e.gex[c]a(r)s/dir/bar.dat,e3b0c44298fc1c149afbf4c8996fb92427ae41e4649b934ca495991b7852b855,0
"update/vendor/symfony/finder/Tests/Fixtures/with space/foo.txt",e3b0c44298fc1c149afbf4c8996fb92427ae41e4649b934ca495991b7852b855,0
update/vendor/symfony/finder/Tests/GlobTest.php,689deb0bcd771b3b167458b1b6192001126c5a8b61a3cd96f679679544b62223,726
update/vendor/symfony/finder/Tests/Iterator/CustomFilterIteratorTest.php,75e00bab452f1a2c994a42c685f9c665d9b422e4a6c28b1514ab45ef1b08c17d,1256
update/vendor/symfony/finder/Tests/Iterator/DateRangeFilterIteratorTest.php,3797b4327d25a0b17fe98c9fd6fb37b7a3f358a4e4da73abd734371ccb1b1e61,1902
update/vendor/symfony/finder/Tests/Iterator/DepthRangeFilterIteratorTest.php,c0115decb0c040644b9f5a5472a39dc709e4b95db3d4ff9881d6bfb9c3724568,2163
update/vendor/symfony/finder/Tests/Iterator/ExcludeDirectoryFilterIteratorTest.php,f69fdf02e3ca1d15f38d2b2e61af02ae116e8a67db7f03a58611f14e46ebc90f,1684
update/vendor/symfony/finder/Tests/Iterator/FileTypeFilterIteratorTest.php,e27b09149f18b29c404210e9471a12b8c33e3403f29084a32d178eda60bba2e1,1639
update/vendor/symfony/finder/Tests/Iterator/FilecontentFilterIteratorTest.php,e6396d487e2a8301a2a7a019bee89c53302aac2bbb48a1e9abb6499ffa68f248,2674
update/vendor/symfony/finder/Tests/Iterator/FilenameFilterIteratorTest.php,e12a1d5eac961f3acb36804c4ab1354a7cd419347a13644eaf61123bd444753e,1528
update/vendor/symfony/finder/Tests/Iterator/FilterIteratorTest.php,29502af78535aedca1e5030bc4ed7c25c6045fb23cdef451a7060555b82c76b1,1365
update/vendor/symfony/finder/Tests/Iterator/Iterator.php,51b847dcaa661c9fc38479ee4d0be443cefd8b44558957fc7f7d81252d3f5cce,1041
update/vendor/symfony/finder/Tests/Iterator/IteratorTestCase.php,cf4fd5e13d94f7d704aec792527dc3d05c7da478c7976064318710d0f222d292,3430
update/vendor/symfony/finder/Tests/Iterator/MockFileListIterator.php,ad2cce7c161f71909461cbf6467e6a822e8e4edb2b655bbd6c37514e980f6209,552
update/vendor/symfony/finder/Tests/Iterator/MockSplFileInfo.php,bdfa83702d98d0b66f643520a831bb9488d27bdbb229f9b4b18d9c7eeb4a2f2a,3437
update/vendor/symfony/finder/Tests/Iterator/MultiplePcreFilterIteratorTest.php,776cf7af2c41974e68eb26b8fb987919612c729367182a8bafa33ca396444c0f,2298
update/vendor/symfony/finder/Tests/Iterator/PathFilterIteratorTest.php,047c1df8c742f051ef0138e379d6389f4cfba21c7a98fa20dfb74083157abe74,3230
update/vendor/symfony/finder/Tests/Iterator/RealIteratorTestCase.php,efb90e1ba422f6b366109588357cf6b234930d51d30fc31a52665d028dda45b0,3029
update/vendor/symfony/finder/Tests/Iterator/RecursiveDirectoryIteratorTest.php,4edb6161f10a6cd575ef36bb22f01d21375c779c363df9c185ea7f59e872cba6,1554
update/vendor/symfony/finder/Tests/Iterator/SizeRangeFilterIteratorTest.php,b49067f51c5f184fb4d92a665f79c6ee18aa44bdb39396689a182a28e5d0a8ee,1562
update/vendor/symfony/finder/Tests/Iterator/SortableIteratorTest.php,e19c3e81df4d8df1ccf221197cceb53c3153f468797f61560d89d30ef6f35859,5750
update/vendor/symfony/finder/composer.json,bb5a0d3fcd53059698298b2bce0d9b78214762c3a3504b9635e8af9cca2431c8,755
update/vendor/symfony/finder/phpunit.xml.dist,0619fd00898e1630decbd9712a8d67285282e1f9b6315f89ffd1ef6bdcd229b0,775
update/vendor/symfony/process/.gitignore,7b3ba9901711eeb5337461d79f2bfc753f605fcaff82e1f55daf05f09e96ea0e,34
update/vendor/symfony/process/CHANGELOG.md,45c7e7d0edd2fed8e083bbbb58a832e584430274305148b227d18aa62d9a9a40,1085
update/vendor/symfony/process/Exception/ExceptionInterface.php,7b4940bdc17b1d5ba14d63d963b160af53d08794919b96437ba8dd7b00bf8938,431
update/vendor/symfony/process/Exception/InvalidArgumentException.php,804a50e6fddbd347ef2e58ce1e517bb9b5c0e6e85f3e180aa737a309efa275eb,496
update/vendor/symfony/process/Exception/LogicException.php,324d0170880899015dddab3d4bfb41586358c9052b7996bd7e691d5ab7ac7a59,466
update/vendor/symfony/process/Exception/ProcessFailedException.php,dac064bb55aec8cc959a5a2855fe4be43cd6e40ccd3e5d92a9aecd82693e87f0,1421
update/vendor/symfony/process/Exception/ProcessTimedOutException.php,5816fc5fc006a61e40b838fcdbfd04300e98fae517591a3ba8aeba989966a7b7,1659
update/vendor/symfony/process/Exception/RuntimeException.php,6a030facd29abdb91ecaf44baf3f0f9dd210e3085e1928f153a721229a253d84,481
update/vendor/symfony/process/ExecutableFinder.php,12b4ecf753161246ac71993d1810572ae6eb04d1d266c251bb0fd96099ca2dce,2573
update/vendor/symfony/process/InputStream.php,5ce50d842e8da3bc3f66101434fc246abdf29848e9eab4f5ec7a96aec5704dd7,2204
update/vendor/symfony/process/LICENSE,2fb0c4a058ff8717b8270c8348a5e657f7f234f526a7f61ae79eb74e43ef48f6,1065
update/vendor/symfony/process/PhpExecutableFinder.php,d96a2ad484c8fba3f84b5ce066343550a12a13be7ffa694bffefd2c502694473,2254
update/vendor/symfony/process/PhpProcess.php,9326ea8df47a197d870d8eac7fdca70d28c994a981cdbb61d99bbab923d59e10,2438
update/vendor/symfony/process/Pipes/AbstractPipes.php,2b635294e4046b853576ff6a63a9ad1d91e3a9af900bd312cb100b32029db5c1,4877
update/vendor/symfony/process/Pipes/PipesInterface.php,836b3e4c49d517b22645574988eaafec68a45ebb665715829724def54c90bbbd,1531
update/vendor/symfony/process/Pipes/UnixPipes.php,e85563162f8a51241a3521605d55a1613380a5de35e79e3ce3697047fc2da3ae,3610
update/vendor/symfony/process/Pipes/WindowsPipes.php,62b45e6a354856409877c773a3c6c58e5365ed27ed4b90330e4f92d8f5b4bff7,4676
update/vendor/symfony/process/Process.php,409706e650ca9c389ba4eab23680fb94e37882aa432aaced9902d37bbdf191cb,47833
update/vendor/symfony/process/ProcessBuilder.php,e6955ada0bfd83c36783ef7ba0c3619f9e3e6987ed3b6bc94779ea49bf0f4806,6556
update/vendor/symfony/process/ProcessUtils.php,b24a12a5fd381c31ea8b36fbb047be83fa43910ffe6f4bc8a1bb611ae80cabd7,3630
update/vendor/symfony/process/README.md,a2d777c3d1aab1c975834295869503ecd3ac6ab573682a519be82a9df62766bf,477
update/vendor/symfony/process/Tests/ExecutableFinderTest.php,34688a1786e86ba8203a068c17f515fa30189dfb10d2ffbf75f523b6f147208c,3592
update/vendor/symfony/process/Tests/NonStopableProcess.php,319796d60866a4795ecca592ad7ddd4aece11b0536a552016da2ad1ef752a6eb,1061
update/vendor/symfony/process/Tests/PhpExecutableFinderTest.php,c9a5ec7afaf4727e63f823d182bc90a94c6a14cbc4cae4cea62020f571baf6a1,2178
update/vendor/symfony/process/Tests/PhpProcessTest.php,1d9f384ad127dc3e51329033e77259afaea27db13034c1c554b9ffcfe2e34c58,1403
update/vendor/symfony/process/Tests/PipeStdinInStdoutStdErrStreamSelect.php,fc549609137056d113f69fe9e522d2da008aaef17fa8b09efb7c31f5e9c44151,1753
update/vendor/symfony/process/Tests/ProcessBuilderTest.php,684fe72ef263b54b212100db5e62a365cfb93632be3d7cfe4bcf579a02fa82a6,6866
update/vendor/symfony/process/Tests/ProcessFailedExceptionTest.php,38d445c698bac21fa5b2f87f8e8c87ec1559f22658b469168b2ad5e88511b43f,4813
update/vendor/symfony/process/Tests/ProcessTest.php,2878aee17cc19692261623205f6313b5394746a1cd3ec1ba7e8809e4254cc9b4,44789
update/vendor/symfony/process/Tests/ProcessUtilsTest.php,44701ebeacea0d5f4eb68ec40441e62bd91ffd54e6b6df5241f0976443c5a0d5,1357
update/vendor/symfony/process/Tests/SignalListener.php,c34729e14beaf576530b65a08004ce6d1006eada5f3c44d8d60786ec885762dd,396
update/vendor/symfony/process/composer.json,6a34770edf0b6ab042093fc92ef282b0b00f24c8cc756db989a45e65f68b7d64,758
update/vendor/symfony/process/phpunit.xml.dist,511170698f1410cfd22861851bc23227b255d8a6eefc18b8de0318b791bbae66,776
